-2.922785177903722698e+01
-2.144206054462079436e+01
-1.608183287553521268e+01
-1.204503087692525121e+01
-8.828953940269698819e+00
-6.164696665078970739e+00
-3.899274150812930273e+00
-1.947565535531078362e+00
-2.685943062570489981e-01
1.150095924627794641e+00
2.307236037469988066e+00
3.203473129259357233e+00
3.854081902577706220e+00
4.292925734895326251e+00
4.566358979958177855e+00
4.722398557075426773e+00
4.801957267568149668e+00
4.835137766510847257e+00
4.841683740125327873e+00
4.833383104735854197e+00
4.816731302770211443e+00
4.795063985298170905e+00
4.769993538510618691e+00
4.742267506241857333e+00
4.712234901403289378e+00
4.680079322692377808e+00
4.645926754128300473e+00
4.609891530434627072e+00
4.572093996766015245e+00
4.532666044368047764e+00
4.491751743471979808e+00
4.449506085958581991e+00
4.406093031387946723e+00
4.361683320132060615e+00
4.316452242413342688e+00
4.270577452502159588e+00
4.224236880412636452e+00
4.177606777303816799e+00
4.130859921150670466e+00
4.084164001670979260e+00
4.037680196806091359e+00
3.991561947049824255e+00
3.945953928632621732e+00
3.900991222052953233e+00
3.856798668732376978e+00
3.813490405642533609e+00
3.771169565569851390e+00
3.729928129180724472e+00
3.689846914145598067e+00
3.650995686186238043e+00
3.613433376937611019e+00
3.577208393876571524e+00
3.542359008185118618e+00
3.508913807214729452e+00
3.476892199138643669e+00
3.446304958370124183e+00
3.417154801344791437e+00
3.389436983282161808e+00
3.363139907531470740e+00
