-2.626264181296934908e+01
-1.851782454517572774e+01
-1.317410692651483650e+01
-9.107112527100227339e+00
-5.797413159742090372e+00
-2.964307420985444086e+00
-4.479620756697841322e-01
1.835886363656279219e+00
3.913464542959411041e+00
5.761325815029155528e+00
7.320847914220567354e+00
8.531057724911798701e+00
9.372199853565049921e+00
9.887014218312071279e+00
1.016007550281186411e+01
1.027906859290924579e+01
1.031037510266311941e+01
1.029512435350783228e+01
1.025545960855647643e+01
1.020210257303966017e+01
1.013983555255092206e+01
1.007068898997116335e+01
9.995552779234609275e+00
9.914906390433511518e+00
9.829118129725809894e+00
9.738554678469814263e+00
9.643614237143182777e+00
9.544731254013761657e+00
9.442371360436283112e+00
9.337023276818385398e+00
9.229190079546608416e+00
9.119380715394115100e+00
9.008102144567445180e+00
8.895852306921607777e+00
8.783114015511998218e+00
8.670349822152948249e+00
8.557997854061229148e+00
8.446468585177862920e+00
8.336142479427037344e+00
8.227368425251480488e+00
8.120462870262466382e+00
8.015709560543436751e+00
7.913359789753550366e+00
7.813633067430183488e+00
7.716718122650245704e+00
7.622774167506946696e+00
7.531932353903878052e+00
7.444297366358021861e+00
7.359949102396649678e+00
7.278944400431885065e+00
7.201318782520099937e+00
7.127088186067743969e+00
7.056250664308257647e+00
6.988788040268297586e+00
6.924667503022146953e+00
6.863843138373243669e+00
6.806257388787452456e+00
6.751842439517462324e+00
6.700521529489091854e+00
