-2.483184360174946193e+01
-1.710267456663821761e+01
-1.175182342061713570e+01
-7.638286770008734905e+00
-4.226704859394923908e+00
-1.217808502312509589e+00
1.573393289168963705e+00
4.266284063041939412e+00
6.932409561988234437e+00
9.593942211777754636e+00
1.220574421671796905e+01
1.462956579523232037e+01
1.663971960657802640e+01
1.802755605683470463e+01
1.876264442511898167e+01
1.900597946726950127e+01
1.896232071495069604e+01
1.877499790200165464e+01
1.851903226025759253e+01
1.822828543445201888e+01
1.791744085054302360e+01
1.759346421451874676e+01
1.726047721634948218e+01
1.692155770603145726e+01
1.657932205828907612e+01
1.623608561736975631e+01
1.589389822910480987e+01
1.555455247070552005e+01
1.521959182996300441e+01
1.489032402882596529e+01
1.456783875737040113e+01
1.425302799615042026e+01
1.394660729176321468e+01
1.364913678253788731e+01
1.336104117782474177e+01
1.308262821701069356e+01
1.281410537180829579e+01
1.255559472076979155e+01
1.230714603400529228e+01
1.206874817308638725e+01
1.184033894803348730e+01
1.162181358949167453e+01
1.141303199674739588e+01
1.121382491625323219e+01
1.102399919442113863e+01
1.084334223507192974e+01
1.067162577771389209e+01
1.050860909878127103e+01
1.035404172469915629e+01
1.020766573347236594e+01
1.006921771055965031e+01
9.938430415107358584e+00
9.815034204127243811e+00
9.698758254821459701e+00
9.589331618874606278e+00
9.486484137036780950e+00
9.389947237602298102e+00
9.299454638345507007e+00
9.214742968016430780e+00
