-2.468125110244905329e+01
-1.695347007785865401e+01
-1.160103365439368162e+01
-7.480834836152591372e+00
-4.055247831917200507e+00
-1.021882616550194189e+00
1.809319587374559113e+00
4.566560715821216476e+00
7.337073328694377672e+00
1.017047793211158080e+01
1.306540197465707465e+01
1.593497562291350889e+01
1.855863786807039517e+01
2.059354780074447078e+01
2.177595885687447463e+01
2.216630180522743387e+01
2.205424925563086802e+01
2.169875820450521786e+01
2.124254673816787431e+01
2.074844482178964711e+01
2.024206021562800117e+01
1.973435470392833935e+01
1.923086689684217276e+01
1.873501735458638962e+01
1.824921831480402901e+01
1.777525679850674223e+01
1.731445565905845996e+01
1.686776775902724523e+01
1.643584642277750874e+01
1.601910325727565265e+01
1.561775637194555699e+01
1.523187034020222086e+01
1.486138898757907789e+01
1.450616205061148278e+01
1.416596669011288334e+01
1.384052474545185696e+01
1.352951650151694807e+01
1.323259162350440832e+01
1.294937780599274646e+01
1.267948758641292883e+01
1.242252369029865022e+01
1.217808320620524576e+01
1.194576083068037242e+01
1.172515137659401141e+01
1.151585169988692670e+01
1.131746216888951828e+01
1.112958777547841827e+01
1.095183896734892848e+01
1.078383226464809042e+01
1.062519071135543847e+01
1.047554420148666310e+01
1.033452971191543845e+01
1.020179146695022254e+01
1.007698105443574477e+01
9.959757508811913240e+00
9.849787373045646888e+00
9.746744748490309362e+00
9.650311339391194565e+00
9.560176496841513938e+00
