-2.466466255146392683e+01
-1.693703087317981471e+01
-1.158440872151332357e+01
-7.463452419072829080e+00
-4.036277583351248310e+00
-1.000131253826999744e+00
1.835647172875380928e+00
4.600335936568244577e+00
7.383163967356452417e+00
1.023749730281079096e+01
1.316874336294288028e+01
1.610050755096154163e+01
1.882097565300699671e+01
2.097434627856470968e+01
2.225015406503878879e+01
2.267357980680240814e+01
2.254615688953347430e+01
2.215375541585010666e+01
2.165547704226657544e+01
2.112066982806090820e+01
2.057696341954304131e+01
2.003573399269438227e+01
1.950240988182741475e+01
1.898013463597070682e+01
1.847099507460464807e+01
1.797644825084931242e+01
1.749750166056084666e+01
1.703481652376254729e+01
1.658878215948482904e+01
1.615957469847938910e+01
1.574720440136375288e+01
1.535155372062041046e+01
1.497240770954825706e+01
1.460947815023394547e+01
1.426242258181389388e+01
1.393085922628609907e+01
1.361437863790934699e+01
1.331255275052052589e+01
1.302494186746987914e+01
1.275110003083339194e+01
1.249057911805694410e+01
1.224293194255154660e+01
1.200771457726805558e+01
1.178448807440892132e+01
1.157281971798737708e+01
1.137228391705773589e+01
1.118246282458512297e+01
1.100294674884944968e+01
1.083333440998874408e+01
1.067323308297907047e+01
1.052225865939096217e+01
1.038003565315193555e+01
1.024619716988911478e+01
1.012038485491263806e+01
1.000224883128732500e+01
9.891447636535257715e+00
9.787648164167626064e+00
9.690525614342782035e+00
9.599763456400241424e+00
