-2.471745974880297325e+01
-1.698935028756942600e+01
-1.163731157575113784e+01
-7.518749778411653928e+00
-4.096597253509168368e+00
-1.069242660560910441e+00
1.752090142205131595e+00
4.493329363647630359e+00
7.237547145700213846e+00
1.002673559549878490e+01
1.284628525903826990e+01
1.559063910690765908e+01
1.802838320142290840e+01
1.984940201925113712e+01
2.087277623579780794e+01
2.120867114798289066e+01
2.112178601504403019e+01
2.082757881844178627e+01
2.044270456894470556e+01
2.001920027864221652e+01
1.957895345441581014e+01
1.913184565209300914e+01
1.868326871356390839e+01
1.823684648846679934e+01
1.779534132286099890e+01
1.736095387645184474e+01
1.693544135917476368e+01
1.652018630696589696e+01
1.611625160678809010e+01
1.572442953279998079e+01
1.534528573357126113e+01
1.497919800447252570e+01
1.462638982800703502e+01
1.428695894108270892e+01
1.396090137174276791e+01
1.364813147218992384e+01
1.334849849028890034e+01
1.306180019599952047e+01
1.278779403209244059e+01
1.252620620268978158e+01
1.227673905626909701e+01
1.203907706600843674e+01
1.181289166182418704e+01
1.159784512593349604e+01
1.139359372726932484e+01
1.119979023918653738e+01
1.101608595902727217e+01
1.084213232661140580e+01
1.067758222093732101e+01
1.052209099973131501e+01
1.037531733444493653e+01
1.023692388341635606e+01
1.010657783780128760e+01
9.983951368219601719e+00
9.868721994589638058e+00
9.760572897115491031e+00
9.659193182674020051e+00
9.564278117774113852e+00
9.475529336713126582e+00
