-2.466987282441213125e+01
-1.694219282685144634e+01
-1.158962679365716042e+01
-7.468904768656884130e+00
-4.042222216877262575e+00
-1.006937211108153374e+00
1.827428352867465744e+00
4.589829492740552297e+00
7.368902567990810226e+00
1.021691754751196335e+01
1.313733324042629746e+01
1.605082794472152585e+01
1.874338846923838275e+01
2.086367769514582449e+01
2.211555820220475965e+01
2.253419388473017904e+01
2.241641501740913256e+01
2.203936722128683101e+01
2.155714463718783236e+01
2.103722736388032644e+01
2.050673364093451667e+01
1.997699228961286977e+01
1.945353002800574416e+01
1.893963243999121815e+01
1.843753802495615446e+01
1.794885195973878567e+01
1.747472035283038139e+01
1.701593083415454544e+01
1.657298604236014228e+01
1.614616251237381306e+01
1.573555877087652632e+01
1.534113447948536368e+01
1.496274203880134834e+01
1.460015191008531055e+01
1.425307277051402721e+01
1.392116746633935875e+01
1.360406557725691812e+01
1.330137326562912037e+01
1.301268096129739504e+01
1.273756932803497932e+01
1.247561387047407599e+01
1.222638846878409780e+01
1.198946807029410522e+01
1.176443072046333960e+01
1.155085907811374391e+01
1.134834152990829281e+01
1.115647299522016311e+01
1.097485549357729795e+01
1.080309853179414681e+01
1.064081935591646300e+01
1.048764310356945018e+01
1.034320288469890770e+01
1.020713981262806769e+01
1.007910300249580615e+01
9.958749550243309656e+00
9.845744502173943147e+00
9.739760822571197352e+00
9.640479364795259798e+00
9.547588849596650107e+00
