-2.466617798160900676e+01
-1.693853206328184058e+01
-1.158592593722462993e+01
-7.465037283912614896e+00
-4.038004758960753726e+00
-1.002107295251320140e+00
1.833263516952774896e+00
4.597293933003920863e+00
7.379045282232416625e+00
1.023157606179003665e+01
1.315975299850995128e+01
1.608638514317387802e+01
1.879910903293911772e+01
2.094349432465203975e+01
2.221317203828268916e+01
2.263601399417298410e+01
2.251203613119973568e+01
2.212456212386237908e+01
2.163128027534554576e+01
2.110103081733053187e+01
2.056131549132906144e+01
2.002350925866518949e+01
1.949307802400670653e+01
1.897321399131970665e+01
1.846605447733662686e+01
1.797310521755260737e+01
1.749541891326198950e+01
1.703369779149789309e+01
1.658836779204485978e+01
1.615963740596090759e+01
1.574754529307425344e+01
1.535199872589052816e+01
1.497280440584190409e+01
1.460969298994090337e+01
1.426233849046736069e+01
1.393037353611397577e+01
1.361340131781688356e+01
1.331100489429673317e+01
1.302275440459372113e+01
1.274821262772023012e+01
1.248693924132054001e+01
1.223849405951752090e+01
1.200243947237285447e+01
1.177834226317361299e+01
1.156577494294199049e+01
1.136431671232175589e+01
1.117355413780802209e+01
1.099308161092126213e+01
1.082250164437819961e+01
1.066142504778599687e+01
1.050947101624062796e+01
1.036626715794451492e+01
1.023144948117128195e+01
1.010466235628438447e+01
9.985558464813008683e+00
9.873798744610798650e+00
9.769052337717356593e+00
9.670996545591762583e+00
9.579316794798463874e+00
