-2.466502366140945313e+01
-1.693738770695728846e+01
-1.158476791710127429e+01
-7.463825273328550836e+00
-4.036679950947036133e+00
-1.000584579318351430e+00
1.835113466499942225e+00
4.599680751657946765e+00
7.382330544034313213e+00
1.023641414451977205e+01
1.316734964832516575e+01
1.609885956309913979e+01
1.881952579972326944e+01
2.097427550136943708e+01
2.225301523785118007e+01
2.268018064059711847e+01
2.255630245911857656e+01
2.216686270985434959e+01
2.167096884664716328e+01
2.113804936446580029e+01
2.059579751838508344e+01
2.005563546896168958e+01
1.952302973812646769e+01
1.900115906855912229e+01
1.849214354787686787e+01
1.799747132299632213e+01
1.751817840964883999e+01
1.705495176557417736e+01
1.660820366752956190e+01
1.617813057264558552e+01
1.576476066662149300e+01
1.536799218981841975e+01
1.498762411420753793e+01
1.462338052581637982e+01
1.427492988500539539e+01
1.394190015822148077e+01
1.362389064682787598e+01
1.332048118866985575e+01
1.303123927927919468e+01
1.275572555191998347e+01
1.249349796719467598e+01
1.224411499114795632e+01
1.200713798308463431e+01
1.178213296819023803e+01
1.156867193333802746e+01
1.136633375534225543e+01
1.117470484784755413e+01
1.099337959478667237e+01
1.082196062389049906e+01
1.066005896229432892e+01
1.050729410721726609e+01
1.036329403749203415e+01
1.022769518599423577e+01
1.010014238844901513e+01
9.980288820433433017e+00
9.867795931452748803e+00
9.762333382594896136e+00
9.663578992345158269e+00
9.571218693577128178e+00
