-2.518645723615397714e+01
-1.745380281173154913e+01
-1.210599938079393034e+01
-8.006696897428675186e+00
-4.625343921164193794e+00
-1.668924700135399508e+00
1.038021529370256157e+00
3.599597869814879392e+00
6.063351475158843762e+00
8.417510005068120194e+00
1.058198676767106861e+01
1.241748028828455297e+01
1.378586264010296958e+01
1.464498417003332520e+01
1.508029226511421506e+01
1.523581720679286811e+01
1.523486940562950664e+01
1.515382625834655528e+01
1.503172442474185289e+01
1.488629061319977609e+01
1.472514792830172503e+01
1.455173577301971832e+01
1.436797018435703421e+01
1.417529548318200661e+01
1.397504566328675146e+01
1.376854158559249264e+01
1.355709832846233454e+01
1.334200711288646346e+01
1.312451352864854215e+01
1.290579868837521360e+01
1.268696494445913459e+01
1.246902620019146113e+01
1.225290232439563454e+01
1.203941701320452751e+01
1.182929841381043445e+01
1.162318186075485116e+01
1.142161414455860680e+01
1.122505881725087917e+01
1.103390212781983237e+01
1.084845926510882208e+01
1.066898066172503334e+01
1.049565817795130407e+01
1.032863103891905254e+01
1.016799144190899540e+01
1.001378978467092828e+01
9.866039491437279096e+00
9.724721432237128482e+00
9.589787944517325968e+00
9.461166475115774688e+00
9.338762866316821842e+00
9.222464312877981740e+00
9.112142018223716278e+00
9.007653577986335591e+00
8.908845118145547914e+00
8.815553213490382234e+00
8.727606610234397877e+00
8.644827774527239939e+00
8.567034286448437896e+00
8.494040096928506145e+00
