1.076395018621653099e-01
3.767581876844981470e-01
7.110045505115418774e-01
8.269748783535537662e-01
1.366013798372253785e+00
1.731346904637300899e+00
1.406774367658974567e+00
1.199675778810702420e+00
1.047390147823622636e-01
2.378779578852731613e-01
9.925418779956948212e-01
1.049588704242357284e+00
7.952846290639887794e-01
1.188391730780729461e+00
1.259704991841023469e+00
7.669370418128741429e-01
3.763832981348689266e-01
8.800561545157897791e-01
1.101435486546375575e+00
7.471115697469314920e-01
7.453476132418523914e-01
1.106704300722299861e+00
9.311176849575169001e-01
3.649839422671413702e-01
4.626263368191471659e-01
2.673389820798011129e-01
1.097174693561279168e+00
1.146851935464562988e+00
1.081915120907079420e+00
1.495640114042499524e+00
1.001827746001175079e+00
6.426698598404935181e-01
2.994302409327338488e+00
1.584101931762095239e+00
4.872329923523836648e+00
3.576805293771414096e+00
7.099551488300819280e-01
8.003203360875600358e-01
2.728413659844385886e-01
4.459029552269929142e-01
6.801188268429588790e-01
1.170953658035597700e+00
1.403435572605267856e+00
1.000324080355408762e+00
1.453126825988944937e+00
1.542567662895919289e+00
1.107002807169901598e-01
1.241044899539836210e+00
1.019117001915665455e+00
1.399958225420208979e+00
1.479985708068664252e+00
1.028790305821055462e+00
1.070135995328560075e+00
1.472220388747716102e+00
6.949632515107098119e-01
9.084319074991384912e-01
8.027600403778553106e-01
1.528396291826187747e+00
1.538252836393395162e+00
8.288999031768030656e-01
1.253906046642798255e+00
1.913721560265394306e+00
1.741309567102132139e+00
2.508965907708997634e+00
1.475661888922514597e+00
1.765336508358892997e+00
1.023692259389769044e+00
6.327080344434832249e-01
7.351140200634629362e-01
5.182089299505747704e-01
4.501729248790578564e-01
1.463199912226794019e+00
1.208395254391363638e+00
1.373907879470081639e+00
9.419682412794799786e-01
3.289398139087971185e-01
5.705383928080374201e-01
7.149664088150896601e-01
1.337907642332765601e+00
1.198925703254445585e+00
1.168566891560168575e+00
9.230186102407146320e-01
1.101709724597701889e+00
1.644789547755150405e+00
2.922335584021383825e-01
2.019349890559539173e-01
9.027838035859587773e-01
1.404547243853109473e+00
2.001992434178729408e+00
1.577178538367467464e+00
1.049273139727108450e+00
1.647297555648010281e+00
1.582507109332954798e+00
9.168624754712297875e-01
1.107688607289236543e-01
5.367111256775809469e-01
7.324723843358116326e-01
1.200774927298380756e+00
1.208445130543054802e+00
1.816327777010735112e+00
8.415200893049393782e-01
8.468878865473551398e-01
1.331818766714014224e+00
1.591529536522037769e-01
1.295635084683955052e+00
8.235008932953694627e-01
1.170982226081927369e+00
1.360731598452585178e+00
1.590664964961837846e+00
1.598559597264216370e+00
6.237810869800750613e-01
1.877390699462217760e-01
3.572911287165634331e-01
5.399022566158916403e-01
1.249668007165211092e-01
2.645106915974962392e-01
8.176185728424486543e-01
1.285520609391957336e+00
5.751284463847931017e-01
4.257122587273728942e-01
6.241460658078066270e-01
5.090670491778475082e-01
7.079233996463669687e-01
1.209948646849712484e+00
2.003806269409414753e+00
5.849660222914644381e-01
1.529700754613121827e+00
1.858457622699728473e+00
1.586645408186242223e+00
1.415345145446516906e+00
1.060999142192660560e+00
1.356718035735827055e+00
1.454755576504804360e+00
1.145471144431517319e+00
1.227945128084934279e+00
1.093531375772318404e+00
2.148366263594980730e+00
1.485719923070379922e+00
1.518316308687416072e+00
9.792417983468006959e-01
1.812042229071455068e+00
1.641850377048329257e+00
1.129738652435331669e+00
4.693042435147271041e-01
9.554547614813996281e-01
8.447440554631610032e-01
7.204335168864876016e-01
1.310506323575447052e+00
1.235096972674522453e+00
8.980678206696863786e-01
1.437636107119490081e+00
1.467625118597949641e+00
9.786064289316981357e-01
1.391619313445102257e+00
5.308505632413796915e-01
1.001426497674523519e+00
1.710132791863905766e+00
1.961180111451892305e+00
1.610401995483582649e+00
4.076778259884301647e-01
6.717087067876057471e-01
1.402573101022869917e+00
1.780849737601176042e+00
1.298342298456097499e+00
3.347406389275466299e-01
1.129188881287381818e+00
1.098835105446872129e+00
7.265550669297502484e-01
1.176070914484905305e+00
1.010066258887530433e+00
1.485439376066948203e+00
1.294124194741409051e+00
6.195390423869540086e-01
5.711038925837115254e-01
4.990898828940636411e-01
7.262114304581885893e-01
5.581943380219432926e-01
1.263851145156585920e-01
1.652392429920576777e+00
1.130628124674744495e+00
6.404458540396780197e-01
6.269893915006391483e-01
3.383293999902086679e-01
1.537170761828791088e+00
1.695024350926182422e+00
1.903251207721221361e+00
2.236482318489930954e+00
1.284692379290204967e+00
1.094684825391828875e+00
2.813021085155422152e-01
6.200691062304445472e-02
7.150606534933547920e-01
3.871379344344217377e-01
5.261306440954776065e-01
7.893059619791815695e-01
2.486844275477543831e-01
6.043443137751552952e-01
1.489743095661893557e+00
1.772120744801843895e+00
1.210381731181081166e+00
1.404753697892882069e+00
1.311950344122510881e+00
3.772416756816871497e-01
7.427006626674993450e-01
4.627102742432364080e-01
2.386671923330359602e-01
8.218066721562523602e-01
5.054247378006133662e-01
8.676566796009952398e-01
9.619199750521597592e-01
3.846186756660786021e-01
1.494312438550049749e-01
5.750374317573465621e-01
3.777401884250979891e-01
1.031908040790843195e+00
3.970300672231387162e-01
4.758851287162130794e-01
6.325853157355731948e-01
6.176611376186278424e-01
4.474736388763398964e-01
4.767646165952509341e-01
4.481864904322490628e-01
5.196311687353571962e-01
1.367996666040866671e+00
8.425978539416827395e-01
7.886003334516753505e-01
2.881912544746093596e-01
1.312210068901982440e+00
1.011851922740421905e+00
4.027228353348314416e-01
2.914438552478342825e-01
5.776656472888118676e-01
2.132845824527883627e-01
1.341880496825658131e+00
1.599254745584368420e+00
8.972477821138994392e-01
1.337116762665273795e+00
1.132418490806677669e+00
1.636059740732333401e+00
5.480571959704318985e-01
8.206793643700838192e-01
1.028434731601394425e+00
8.827231737998040284e-01
3.793159710256036043e-01
1.029199503527041371e+00
4.075683578000610097e-01
4.673960156068751592e-01
1.397803671693480076e+00
1.380271896599631232e+00
1.433282994432128366e+00
1.635770736045742524e+00
2.502907768499670560e+00
1.630819976677919003e+00
4.206876187873988537e-01
6.937042774824478952e-01
1.335272327578359786e+00
6.558242308955715139e-01
5.127968901577962813e-01
2.634185889868446151e-01
3.668655941453826674e-01
5.628574288274331705e-01
1.080333341677963688e+00
5.596128600847501966e-01
1.418318686829531106e-01
9.296601055779413203e-02
8.289322287951325086e-01
3.651859033457208747e-01
5.754985683718388811e-01
1.300326192556526150e+00
8.271670543922948760e-01
1.496241566037984194e+00
1.300482502311539612e+00
3.488764844616996097e-01
4.656231568041604429e-01
9.665398920290866336e-01
2.024978591399315686e+00
1.274218016632950645e+00
2.011822998537017515e+00
1.957299486144116640e+00
1.093035387920860746e+00
9.979398843756714932e-01
1.097665350512176730e+00
4.698012617563983584e-01
9.698200261545176781e-01
1.131311693140246266e+00
5.823453789199581898e-01
1.439152277613177100e-01
1.175669212507354677e+00
2.284118564529817874e+00
2.503136926658212857e+00
1.929020030033949284e+00
1.872697388899950521e+00
3.736678142381330003e-01
8.470247601692569850e-01
8.288408629704132613e-01
6.601445694727406943e-01
1.436683532926199547e+00
1.147929673299325604e+00
1.845293068047052287e+00
1.510023430838641989e+00
7.044658491565135572e-01
1.661721251543564204e+00
2.115282610859170020e+00
1.894142141058464235e+00
1.259807571177416374e+00
8.204338972705714772e-01
9.155251897758585056e-01
1.136422562440697392e+00
9.313854297636137147e-01
3.252905169846551092e-01
4.971569400319670318e-01
3.632664722969383697e-01
1.240503351460757520e+00
1.069462373327240368e+00
2.198454062606870207e-01
4.447120652963123533e-01
6.948256722385021122e-01
8.728743344116544067e-01
1.478166020169193295e+00
1.083822173046049775e+00
1.615539531448114463e+00
1.479905137770068491e+00
1.400099978769098197e+00
1.167993343605483458e+00
7.606385531091236496e-01
6.231361914818065451e-01
4.184677993879571400e-01
7.073887966969782948e-01
9.401806314480886106e-01
1.355324370088438091e+00
8.656495437325829601e-01
9.887269200611372710e-01
6.152499560579948179e-01
9.593082600859816900e-01
1.777782192834269637e+00
1.200167952095373858e+00
1.133439576351220834e+00
1.670567920315334298e+00
1.219533617724627872e+00
1.616372015405228124e+00
7.648054175095803098e-01
1.044362658824754764e+00
2.412336771332251661e+00
4.761770305317378771e+00
1.702472086487690106e+00
5.349596592486584257e+00
7.751950788147375926e-01
5.268710876967297452e-01
7.011054842202446569e-01
1.054118390018338625e+00
7.130266477315764240e-01
8.316691571522970561e-01
1.071470126949674917e+00
1.069891605804195844e+00
2.419069165939867483e-01
5.040219805498680206e-01
1.129241990260557715e+00
4.652762356311441749e-01
7.805242299010485274e-01
6.925192170822752624e-01
5.967644050191893701e-01
1.784720911573159929e-01
1.588888983896472595e+00
1.186624629432007527e+00
9.924409786771579700e-01
1.689265833487718416e+00
1.912664416795764266e+00
1.993164385347709677e+00
2.025637760784826102e-01
9.291446042947251183e-01
1.581052842747843856e+00
1.285637806425423246e+00
9.574349370846244600e-01
3.313348179069960375e-01
8.871392445575070340e-01
1.323665262735834069e+00
1.342278083548835488e+00
5.296326666776793868e-01
3.273564735621078636e+00
4.098694080345540947e+00
6.014891443566645179e+00
4.600973071464773412e+00
4.378791968992505446e+00
7.565928408282842632e-01
5.503997711990088471e-01
1.152622597372581881e+00
8.739765867916979847e-01
1.279924438654125307e+00
1.510797277822896190e+00
3.638704811265509043e-01
4.806446519937474515e-01
5.865273275762036276e-01
6.874840851093204641e-01
1.395621740188266013e+00
1.495590937496769302e+00
1.755832447307405175e+00
2.009578455594116075e+00
1.905037241728458675e+00
1.081205876590847215e+00
5.656675439174001507e-01
6.231867106313450089e-01
4.699072164889599446e-01
1.370452862538972028e+00
1.019656964804382060e+00
3.706867965645318508e-01
1.143323631813892627e+00
1.281012417786005386e+00
1.757558672212114592e+00
2.093446951141511914e+00
1.768248625499207360e+00
5.875351148110424804e-01
6.678395531701958321e-01
1.167376278095600517e+00
3.250791043239934508e-01
2.840954103294879296e-01
3.936143000363391264e-01
6.217223205646127404e-01
1.814339957565712869e+00
1.827084390772377498e+00
2.512357893963789834e+00
2.989055176218629040e+00
1.405381581997011020e+00
9.256608689813095037e-01
1.576956839185823300e+00
6.571313961851682484e-01
1.206258425055509953e+00
4.058255155763588751e-01
4.077035906154929390e-01
6.108505361600347766e-02
1.231684480479669608e+00
6.308835294666472748e-01
7.934234770067402076e-01
1.442904393986849332e+00
1.127751764782949362e+00
1.309522459934987060e+00
2.046138348511093330e+00
1.148721078985862176e+00
4.712992086589504748e-01
9.350421305543481498e-01
6.241889834916889424e-01
5.863789416819149558e-01
1.709318364322446604e-01
7.891348149518067068e-01
5.613925917445476976e-01
8.168227146677590200e-01
5.927813459540532959e-01
1.163841186165730068e+00
4.094129349663808148e-01
7.064422409246313705e-01
9.243833955357297905e-01
1.195414914068979373e+00
1.871594807294117757e+00
1.802085452304406976e+00
6.893134923699649752e-01
8.157430404781604860e-01
1.738607296669519631e+00
1.390060479096945967e+00
3.140225742023308175e-01
9.969605318407485095e-01
1.508047698133590186e+00
1.699606718060355570e+00
1.810110776825662127e+00
1.481548230341049210e+00
7.897221255695616726e-01
5.596554220653898737e-01
2.209799242181365309e-01
1.136534578101399573e+00
1.968295758904379467e+00
1.492438962796904578e+00
8.370106770925753725e-01
8.666304724904353440e-01
1.329566338437610851e+00
1.000316941497477075e+00
8.950349303319639072e-01
1.423779919133669969e+00
1.311920748049770991e+00
2.516562564429378202e-01
5.314073680682500633e-01
5.425732430964173014e-01
5.346977757068712700e-01
4.409756861429732222e-01
1.037411359976911029e+00
6.523874625932039040e-01
8.176117784365993790e-01
1.056299726775807191e+00
8.794127173470048797e-01
3.164159306790358395e-01
1.024643925075297224e+00
1.872058933275368098e+00
1.114152963213207670e+00
8.140220357757168568e-01
3.313718192516998395e-01
5.556639626503028229e-01
1.075321326724476556e+00
2.714069171590667295e-01
4.308073604678926416e-01
1.601221883724351702e+00
5.072349381693147530e-01
5.353469104446758609e-01
1.494343709373437745e+00
1.553056766858137427e+00
8.429844267051339601e-01
8.756000600911462151e-01
7.588581900664017610e-01
2.736332594537509988e-01
1.217844499813478532e+00
7.226749733536027565e-01
8.558750117304426697e-01
5.900223584153996281e-01
1.653871153592985921e-01
6.132872789733543328e-01
7.565530904318037431e-01
1.025921707851852327e+00
1.546090464514589646e+00
7.161904560008068854e-01
3.445372100383417568e-01
4.959050807988579224e-01
1.150517108522503218e+00
1.361437247490024260e+00
1.712064459645769476e+00
1.038748038919135919e+00
4.746920919713065179e-01
1.106150790289920582e+00
1.023792671782393304e+00
6.034739386746370560e-01
8.012999632876441902e-01
7.167620722860374993e-01
1.480330647170123415e+00
2.472056429932771415e+00
1.796012245989927925e+00
3.184464418030059085e-01
2.381168022287514230e-01
1.157198364146779346e+00
5.647994555729896060e-01
2.714261937982117567e-01
1.116963255863586690e+00
1.823165460702904195e+00
1.248705669491995796e+00
1.101730296223393024e+00
1.402595670785983795e-01
4.776364071109558407e-01
3.473504468973573900e-01
2.234645455279677395e-01
7.733467245976727300e-01
6.777116799509540490e-01
5.560230472162450699e-01
1.225375376669402439e+00
7.424353213979638655e-01
7.401830493823332580e-01
1.684409423184478838e+00
1.634763823978959030e+00
1.247281600824794001e+00
2.022996861785816058e+00
2.310283846074707714e+00
1.367133476814764048e+00
5.339300132698081569e-01
1.039857442161893353e+00
1.984098252475547053e+00
1.944912477773138360e+00
1.682158674050271197e+00
1.164185768076504646e+00
7.200551354852124941e-01
5.595172027392101288e-01
5.748886648802282728e-01
6.609389447431651687e-01
2.828920600619377335e-01
1.039219607126530720e+00
1.239316769982468092e+00
1.830997730285326641e+00
9.175197511224485458e-01
1.164691311982364086e+00
1.052561824118999345e+00
3.528313068058913649e-01
2.827768593236578698e-01
9.211275197302017936e-01
6.108406566194213294e-01
9.883342250880883251e-01
5.777606224877788188e-01
9.963377812127873767e-01
1.135081333563145778e+00
1.752966371518921207e+00
1.807283516937531864e+00
5.444892385451248762e-01
6.957064181561609661e-01
2.479000125427557322e+00
1.843571255038103596e+00
5.814192911648170536e-01
5.341968040382172322e-01
1.419537671193335848e+00
1.992226694325957004e+00
8.126090370105986116e-01
5.095318347541468729e-01
1.575830939197733871e+00
1.691475880927508779e+00
3.531790530538852502e-01
1.728969147630595282e+00
2.532334582961227820e+00
2.060326096907478810e+00
8.101199498744866556e-01
8.555198589498430595e-01
1.570559418894478698e+00
2.010705032007935322e-01
3.607624036471524520e-01
9.311925249439289010e-01
1.165188075247561628e+00
5.066361580081301108e-01
4.818928655961489671e-01
8.109815664493374987e-01
1.457319529871952346e+00
1.124772046804893844e+00
8.530281065900320314e-01
8.461575551346680601e-01
1.205721674757820550e+00
7.474267246625833083e-01
6.954718686283763995e-01
2.024581411699981903e-01
8.734286525709411553e-01
3.030185375499638845e-01
3.732770880804608393e-01
9.136851799944369912e-01
8.687188827541024727e-01
6.430834710540904720e-01
9.392239304985189330e-01
7.194575915410236222e-01
2.616237875417010139e-01
3.470116265417169110e-01
4.534196509577003154e-01
8.216006579558909895e-01
8.842808754147113426e-01
7.993369523598999882e-01
1.032758648155577275e+00
8.731147370877971881e-01
1.659752154512966094e+00
9.669038452735549960e-01
2.399369004848307674e-01
2.690930070749930070e-01
7.793524249087654399e-01
5.704561126487048828e-01
1.362106505561038849e+00
2.206282282999654676e+00
2.100424919075178032e+00
1.664397187565346048e+00
7.037578919452994741e-01
7.187177298233715650e-01
2.808064643312023767e-01
2.418434584553177114e-01
5.825663551473772017e-01
1.379718854693266383e+00
1.844686908373094347e+00
1.537657386063771225e+00
4.660683894200213229e-01
2.738779960403708857e-01
4.285856497568434342e-01
1.355820459167747849e+00
1.643133571009422589e+00
7.788945043204521523e-01
7.326065212387344872e-01
5.649415714489287588e-01
1.223592790017361542e+00
2.569485487705848170e-01
6.931294140243881019e-01
6.900734827974709384e-01
4.474728487580829639e-01
2.881330892284663103e-01
5.554372710982410366e-01
4.781184388104005589e-01
1.418482322799063278e+00
1.348064948458143952e+00
1.068209375745054368e+00
2.534531699737285204e-01
8.955096265800831512e-01
9.689754457016183098e-01
1.051429577368153900e+00
1.778183262504406503e+00
1.480644886930394977e+00
1.072833871121485982e+00
3.537328460242821770e-01
2.780289654726091908e-01
4.533608644075878269e-01
1.291281840942415382e+00
1.681114074028396521e+00
3.782769479354366471e-01
1.315277088981993692e-01
3.854006163931325557e-01
1.099590955426424710e+00
1.340429264391304276e+00
4.904248850941406168e-01
9.611481962774978127e-01
6.302597590753353796e-01
1.202274206606214646e+00
1.054420961064653106e+00
1.559311407391972937e+00
1.197237373987111830e+00
8.588639422232948739e-01
1.090347192577807212e+00
2.702465092986778838e-01
5.177616854515112443e-01
6.154555177593876714e-01
7.420153429804824396e-01
5.836408027535923138e-01
1.048074461460605011e+00
1.159156233055782081e+00
6.917275598637578904e-01
3.947048483744449165e-01
1.006320402709083073e+00
8.905775462076386262e-01
1.943472973170749851e+00
1.340904970631666915e+00
8.911096633157304936e-01
3.606187666552123083e-01
1.840755986820898638e-01
4.675941967054164095e-01
1.211783250225653363e+00
1.542302968441752187e+00
1.200003557876116789e+00
5.686045902715959333e-01
9.449793431869809579e-01
1.145397263280343747e+00
1.402738140562216351e+00
9.362628084517672367e-01
9.281225260139057687e-01
1.072620497162519060e+00
1.731760958784541504e+00
1.431656049393439156e+00
6.879170004791392845e-01
1.773531954321504456e-01
1.692058334881202386e+00
1.721950829226899016e+00
1.774375905258008368e+00
1.810073101820237174e+00
5.981490001833517089e-01
1.736964452526025271e+00
1.863327853317050975e+00
5.414994894406083281e-01
1.464300432018712739e+00
1.183847048800551471e+00
1.466068306529653420e-01
1.542710759327257986e+00
1.363800007625739719e+00
9.734129703387851551e-01
4.129496724758509041e-01
7.306919313140022854e-02
1.591074188813914159e+00
2.517377265574277434e+00
1.784294971680381536e+00
4.786091777758132437e-01
5.381804338790191489e-01
6.920201283928257840e-01
1.033456090398676697e+00
3.401517023812781759e-01
1.008664683138558615e+00
1.111333916371827435e+00
1.163564417480762891e+00
9.365541041642855280e-01
3.466679061088119851e-01
4.954641726012916636e-01
1.368648660212004042e+00
1.928652827197578912e+00
2.342216755531395744e+00
1.142433824543897192e+00
3.392559747738017606e-01
4.849309843668302422e-01
5.485023827338667557e-01
1.374623238282659310e+00
8.033815751446047315e-01
6.704471383932022466e-01
1.960187256160602354e-01
9.213111577536499119e-01
1.430085069467535330e+00
9.510329814363331913e-01
3.555582779762390677e-01
6.108604471439703643e-01
9.263988590712688431e-01
1.150735578294235451e+00
1.092985666941897804e+00
1.335675523550917676e+00
8.817554978333823623e-01
1.083456460050296943e+00
5.370551790459687780e-01
4.811993252297692147e-01
1.703808803335530531e+00
1.162726226384110495e+00
5.632605648078384819e-01
7.408262618416051604e-01
3.225444922553689642e-01
5.801165971552071365e-01
1.392817506720955834e+00
6.419398728441576552e-01
1.067979224629837631e+00
8.408819308451602748e-01
8.075798015778155037e-01
5.696545820796090620e-01
6.553688812393613228e-01
9.212640699797666199e-01
1.294096397310958158e-01
6.793281275341315206e-01
5.500949469556882798e-01
1.219142753637535659e+00
8.416892302170101425e-01
1.065094641445388346e+00
1.101449728639438685e+00
1.854246840272142816e+00
1.238466704263150087e+00
6.934484651671788402e-01
7.606025804301285165e-01
5.033249036108156105e-01
1.311173251719815802e+00
1.106122416365500793e+00
3.358285842973448565e-01
7.431504900851478856e-01
2.755501931827092355e-01
2.774502164435275198e-01
2.065200887257087892e-01
9.777555432219756648e-01
1.512157614116764304e+00
1.673895944890434251e+00
6.531558448986364285e-01
7.022183287180126798e-02
1.186846717584848054e+00
1.364621422979571008e+00
6.589251657092121128e-01
2.896867184280511598e-01
4.485387530280068868e-01
2.730234713645061095e-01
4.916616884734653081e-01
8.160916754349005764e-01
4.460513498230009866e-01
1.114132516864223987e+00
1.418199827773243937e+00
2.049125418242522034e+00
1.849731593832478538e+00
1.388201482689205291e+00
5.973608040944827779e-01
1.193933168296382741e+00
1.343024340266085526e+00
6.360875962595110567e-01
7.163987405181514445e-01
1.411530062449337874e+00
1.292212144336659652e+00
1.118949626135499198e+00
1.684730615707435764e+00
1.397681842991446988e-01
1.313135934378811820e+00
2.424375655730167445e+00
2.220760471651500811e+00
5.577888462232057920e-01
5.663004548522203585e-01
1.651697858535547514e+00
1.580878083142699619e+00
8.601563122208429890e-01
1.216671952725705719e+00
8.685560206045684906e-01
2.684961646269914404e-01
8.399820220405910254e-01
1.180483665489269418e+00
9.174572352546321863e-01
6.055415718696705030e-01
1.245330610152620254e+00
1.177768427940960372e+00
1.087769271971184226e+00
1.356812700939704630e+00
1.914628728457141493e+00
2.306158112609360877e+00
1.066957168166593251e+00
9.197211386499217767e-01
1.045123409948786497e+00
1.808042511711980938e+00
1.115712069795628647e+00
8.838456313739734282e-01
1.632772135411379555e+00
1.502230121538938645e+00
4.917877987280936947e-01
6.008922319496688980e-01
7.675975301122643923e-01
9.738319162083205471e-01
1.015505695140322961e+00
5.636508903430225148e-01
1.253372625346848457e+00
1.985256320427345678e+00
2.047593027866579707e+00
1.644936171279243409e+00
5.643560875471537175e-01
2.982756995981937775e-01
1.061756262994086208e+00
1.128042664208941170e+00
1.080361056455305668e+00
1.092950524811132196e+00
6.633308227098434484e-01
1.081423223135319356e+00
1.332413680851632476e+00
8.077882071275438447e-01
8.210631756117570124e-01
1.031365371246467877e+00
7.941450941946455178e-01
1.209114022254612619e+00
1.515768098085395810e+00
1.422811675313628843e+00
1.595927385954397204e+00
1.009434271843764552e+00
3.137143929330538095e-01
9.897827467963966619e-01
1.055952413412313273e+00
9.175577297668295884e-01
9.391547200075653912e-01
4.850223761227160924e-01
7.100549651055465539e-01
8.892959054371287753e-01
1.400861469848238450e+00
1.363039563636601725e+00
1.290999574680837592e+00
9.076322685733134721e-01
5.888421978949257563e-01
4.156283893132259322e-01
1.105255476670333303e+00
1.445840869020989627e+00
1.033928779085899086e+00
1.289400343539754967e+00
1.333530929622590566e+00
5.116695812207094907e-01
7.444493692183620226e-01
4.621760705810672443e-01
1.306109976343203360e+00
8.895934507606165775e-01
1.093555614821548172e+00
1.111955251502903641e+00
1.253923637851830142e+00
3.375542358655260755e-01
4.500764565264445682e-01
5.001429240726341652e-01
1.113252976384043968e+00
1.383509853511239784e+00
5.780468537296005183e-01
5.328597114440351001e-01
6.408405064010826990e-01
6.424167220212081419e-01
6.448323617378813877e-01
7.736786036191337645e-01
1.103463585686284221e+00
9.915887627154496009e-01
2.920803688470875459e-01
6.244150657231234414e-01
1.306752698928715928e+00
2.044429763676047784e+00
2.361395720903600726e+00
1.185353218142900511e+00
5.805389645028312673e-01
7.797894792663450092e-01
1.345768529161959881e+00
5.326939876751441982e-01
1.964915275212390622e+00
1.752556272288446237e+00
1.679544937206471467e+00
6.088710966873738251e-01
7.761239667557737754e-01
9.842514712719531433e-02
4.242557655788910531e-01
4.716632029976532969e-01
4.324240963935860327e-01
3.626120640158462249e-01
5.919495835528759686e-01
1.136664505710713202e+00
8.791600012001502540e-01
1.433473306566936056e+00
5.479363022331615873e-01
6.889000701937928461e-01
5.681093253383525665e-01
3.794710194471101472e-01
9.762159470904580028e-01
1.332550032952052321e+00
1.604171321785043292e+00
1.001596165392167892e+00
6.565257810581384135e-01
1.021437580979990489e+00
7.879654643461542207e-01
6.726666706671111662e-01
1.160934355679307917e+00
8.277284864256003738e-01
2.003208406995310165e-01
9.669431369297757373e-01
5.201050513202776227e-01
1.111699058624820990e+00
1.709231017358228799e+00
7.822611056608670399e-01
8.298187620872109482e-01
1.142223671373766791e+00
1.517234492552504532e+00
6.288973310920200621e-01
8.632808499948330105e-01
8.464158578713348868e-01
1.265866541477708385e+00
8.704257281872322949e-01
7.968506798830463644e-01
1.322715753946558825e+00
1.158889754162648611e+00
8.624059048901434599e-01
1.326931150062408582e+00
7.034513915516507065e-01
6.355423988992072726e-01
3.045680911803546054e-01
7.842239726219238927e-01
1.074824473398941160e+00
7.687985450850365332e-01
1.467596694306681770e-01
5.815883128800961588e-01
6.953939480000739248e-01
1.130049127206472770e+00
7.711228670685533748e-01
4.233686927139235223e-01
3.839875453698485264e-01
1.070030338694510696e+00
5.696417005092253572e-01
1.094280306644338951e+00
1.273140611522462606e+00
1.055077296517886287e+00
5.012813872044634689e-01
7.082540040043120433e-01
8.297342556865978658e-01
1.172431452403544183e+00
1.393447904276099436e+00
1.617913246127194338e+00
1.522959302037388829e+00
1.605786833397688795e+00
1.123977995353039772e+00
6.371622756893822181e-01
5.735956894971495634e-01
9.615926064781892268e-01
7.532665817936240460e-01
8.409384083390308851e-01
1.407592988330064188e+00
1.720614911198259822e+00
1.391475828917496438e+00
1.104510871681581463e+00
5.099360453460397014e-02
1.971498887253126109e-01
9.548363372600583432e-01
1.012040233279832169e+00
7.439055448168017115e-01
1.101841586325250866e+00
1.197798829709349144e+00
7.599527183016809850e-01
2.455332807308783227e-01
4.588449843498382807e-01
2.135631506508527677e-01
9.007946140498816756e-02
7.216875026175578745e-02
5.259230476936017223e-02
1.446546641777194352e-02
9.843288042429988727e-02
6.654690949721196735e-02
3.694537599535650113e-02
4.277049981500975762e-02
4.895197782643487955e-02
1.080535201113164423e-01
8.988075609754489492e-02
2.211548588441956953e-02
