-2.473714309191206695e+01
-1.165959231550698050e+01
-4.127689122974119051e+00
1.695367236775475739e+00
7.101026906214027434e+00
1.243633688776764323e+01
1.681519511267463685e+01
1.855196619241507250e+01
1.824302857526264887e+01
1.734249428392280379e+01
1.634348890639008545e+01
1.534975226678028548e+01
1.439276562648577240e+01
1.348812269415189569e+01
1.264402110937887791e+01
1.186395652078011409e+01
1.114840999642214214e+01
1.049599360305659879e+01
9.904204914058000853e+00
9.369911008288031695e+00
8.889653296370632063e+00
8.459836771503958630e+00
8.076845978996431086e+00
7.737115159837325784e+00
7.437170163313951754e+00
7.173653318385099453e+00
6.943338328152882433e+00
6.743139592482342515e+00
6.570118636126068168e+00
6.421489183482879781e+00
