9.277343750000000000e-03
9.277343750000000000e-03
9.277343750000000000e-03
9.277343750000000000e-03
9.277343750000000000e-03
9.277343750000000000e-03
9.277343750000000000e-03
9.277343750000000000e-03
9.277343750000000000e-03
9.277343750000000000e-03
9.277343750000000000e-03
9.277343750000000000e-03
9.277343750000000000e-03
9.277343750000000000e-03
9.277343750000000000e-03
9.277343750000000000e-03
9.277343750000000000e-03
9.277343750000000000e-03
9.277343750000000000e-03
9.277343750000000000e-03
9.277343750000000000e-03
9.277343750000000000e-03
9.277343750000000000e-03
9.277343750000000000e-03
9.277343750000000000e-03
9.277343750000000000e-03
9.277343750000000000e-03
9.277343750000000000e-03
9.277343750000000000e-03
9.277343750000000000e-03
