0.000000000000000000e+00
5.131285190582275391e-01
5.336270332336425781e-01
3.742020130157470703e-01
4.805571734905242920e-01
3.815615773200988770e-01
2.228863835334777832e-01
4.702270030975341797e-01
4.513875544071197510e-01
2.862551808357238770e-02
2.086142599582672119e-01
3.238496184349060059e-01
-3.222167491912841797e-02
-1.141380071640014648e-01
-5.902633070945739746e-02
6.824484467506408691e-02
-1.832205951213836670e-01
-1.126570105552673340e-01
3.754205405712127686e-01
8.847174048423767090e-02
1.024091839790344238e-01
-2.221713662147521973e-01
-2.189453393220901489e-01
-1.133081674575805664e+00
-8.127857446670532227e-01
2.084470540285110474e-01
5.549842119216918945e-02
3.433716893196105957e-01
-5.433174371719360352e-01
9.687799215316772461e-02
4.040485918521881104e-01
1.957697272300720215e-01
-5.240642428398132324e-01
-7.053872346878051758e-01
2.040739357471466064e-01
5.755968093872070312e-01
-1.715493202209472656e-02
1.869920790195465088e-01
3.126533925533294678e-01
-9.548930823802947998e-02
3.155079185962677002e-01
3.015136718750000000e-01
-8.707192540168762207e-02
3.632123768329620361e-01
-5.390914678573608398e-01
1.650736033916473389e-01
1.828987300395965576e-01
-1.138380289077758789e+00
5.358730554580688477e-01
3.981268405914306641e-01
1.624191999435424805e-01
4.337012469768524170e-01
3.749303519725799561e-01
2.280258238315582275e-01
-5.263649821281433105e-01
4.742971062660217285e-02
-1.755008697509765625e+00
3.066612184047698975e-01
-9.005035758018493652e-01
4.389449954032897949e-01
4.451524317264556885e-01
-3.564430475234985352e-01
7.974505424499511719e-03
5.281348228454589844e-01
4.534479677677154541e-01
-1.000249385833740234e-02
4.572723805904388428e-01
4.620524346828460693e-01
2.615469098091125488e-01
3.284479677677154541e-01
4.033456146717071533e-01
2.936227619647979736e-01
3.400471508502960205e-01
2.776354551315307617e-01
-1.829522848129272461e-02
2.847154438495635986e-01
3.379078805446624756e-01
3.152073025703430176e-01
2.052614986896514893e-01
2.697322070598602295e-01
1.333324313163757324e-01
2.406602203845977783e-01
9.959572553634643555e-02
-1.130317151546478271e-01
2.759712338447570801e-01
7.581347227096557617e-02
3.931111097335815430e-02
6.902980804443359375e-02
2.160803675651550293e-01
2.428922057151794434e-01
1.453460454940795898e-01
-2.171835005283355713e-01
2.658567428588867188e-01
1.100511550903320312e-01
1.684265136718750000e-01
2.330142259597778320e-01
-1.355274915695190430e-01
-4.693815410137176514e-01
-1.411521434783935547e-02
-5.998336076736450195e-01
1.736651659011840820e-01
1.432156860828399658e-01
-7.330839633941650391e-01
3.064788877964019775e-01
7.200053334236145020e-02
-7.906854152679443359e-03
2.412427961826324463e-01
1.590812802314758301e-01
-9.083816409111022949e-02
-7.173779010772705078e-01
3.117594122886657715e-01
-1.465325117111206055e+00
1.488555371761322021e-01
-5.561040043830871582e-01
-2.494391053915023804e-01
3.926759958267211914e-02
6.872689723968505859e-02
3.717826604843139648e-01
1.848670244216918945e-01
1.516261696815490723e-01
2.833587825298309326e-01
1.391057372093200684e-01
2.135193049907684326e-01
2.353400886058807373e-01
1.403446197509765625e-01
2.259563803672790527e-01
3.906199336051940918e-02
3.459292650222778320e-01
2.418301105499267578e-01
2.874772548675537109e-01
-4.357137382030487061e-01
-1.429558098316192627e-01
1.825451850891113281e-03
1.492908596992492676e-02
-4.312627017498016357e-01
3.074836432933807373e-01
3.283576965332031250e-01
-3.740631341934204102e-01
2.328389286994934082e-01
-1.370211243629455566e-01
3.137263953685760498e-01
-2.026200294494628906e-03
8.708173036575317383e-02
-1.728456616401672363e-01
-1.542691588401794434e+00
2.329203486442565918e-01
3.312580883502960205e-01
1.813822984695434570e-01
2.344112694263458252e-01
1.492809355258941650e-01
2.773395776748657227e-01
2.797410190105438232e-01
-4.825789332389831543e-01
4.227405786514282227e-02
3.176186978816986084e-01
3.425975441932678223e-01
-4.512262940406799316e-01
2.472218871116638184e-02
-1.397728681564331055e+00
-4.334666430950164795e-01
9.359791874885559082e-02
2.385596334934234619e-01
3.446836769580841064e-01
-1.349032998085021973e+00
-1.810903847217559814e-02
-6.321823596954345703e-01
3.942490816116333008e-01
3.243750631809234619e-01
2.392913401126861572e-01
2.704617679119110107e-01
-7.329834699630737305e-01
4.368643164634704590e-01
3.639933466911315918e-02
3.763532042503356934e-01
2.924157679080963135e-01
-1.806093305349349976e-01
1.115639209747314453e-01
-7.118083238601684570e-01
4.335889816284179688e-01
3.570497035980224609e-02
-2.233384549617767334e-01
1.129603981971740723e-01
5.498868227005004883e-02
3.646125495433807373e-01
2.084882259368896484e-01
-3.109755814075469971e-01
2.291072309017181396e-01
3.511424064636230469e-01
1.719422638416290283e-01
3.655945956707000732e-01
3.650351464748382568e-01
-1.037981510162353516e-01
9.494423866271972656e-03
2.540251314640045166e-01
1.914487183094024658e-01
3.410446345806121826e-01
-4.283805191516876221e-01
-2.364414781332015991e-01
2.503837347030639648e-01
3.336493968963623047e-01
-5.188465118408203125e-02
1.365396976470947266e-01
1.466968655586242676e-01
-2.780615389347076416e-01
3.147624731063842773e-01
2.000608742237091064e-01
-1.306622028350830078e-01
-3.344494104385375977e-02
3.295167386531829834e-01
-3.013274669647216797e-01
3.394846022129058838e-01
2.223253250122070312e-02
-3.329896926879882812e-02
-2.379307150840759277e-02
2.019169926643371582e-01
1.551752388477325439e-01
-3.643503785133361816e-02
1.985482573509216309e-01
-6.776900291442871094e-01
1.711361408233642578e-01
-3.944608569145202637e-01
2.645747065544128418e-01
3.235024213790893555e-01
3.098748028278350830e-01
-3.405946493148803711e-01
-6.633024811744689941e-01
3.577142059803009033e-01
1.917239129543304443e-01
9.639573097229003906e-02
-1.012151241302490234e+00
4.020684957504272461e-02
2.823490500450134277e-01
2.347737252712249756e-01
1.017184853553771973e-01
1.705797016620635986e-01
1.498998105525970459e-01
2.280331254005432129e-01
1.464118063449859619e-01
-1.656814515590667725e-01
1.867551207542419434e-01
2.029299139976501465e-01
2.491343319416046143e-01
1.489295065402984619e-01
-2.293118834495544434e-02
2.765029072761535645e-01
1.383709907531738281e-02
1.142712235450744629e-01
-3.331533074378967285e-02
2.614815235137939453e-01
2.295660972595214844e-02
-2.229404449462890625e-02
-1.816438734531402588e-01
-9.601056575775146484e-02
-4.826754331588745117e-02
-1.361611485481262207e-01
-1.987194120883941650e-01
7.646584510803222656e-02
-1.171817481517791748e-01
1.339241862297058105e-01
2.070363759994506836e-01
1.599139869213104248e-01
1.878294348716735840e-01
2.203764319419860840e-01
1.443722844123840332e-01
2.446618676185607910e-01
1.649213433265686035e-01
2.134754657745361328e-01
2.238659858703613281e-01
-2.232515811920166016e-02
-5.319765210151672363e-02
-5.756580829620361328e-01
2.524873912334442139e-01
-1.436447501182556152e-01
-1.151998996734619141e+00
1.940744519233703613e-01
-8.930929899215698242e-01
1.487675011157989502e-01
2.069685161113739014e-01
-3.786477446556091309e-02
-4.064793586730957031e-01
2.908270657062530518e-01
1.778438687324523926e-01
2.933692932128906250e-01
-2.126474380493164062e-01
2.373211681842803955e-01
-1.679086685180664062e-02
-2.525633573532104492e-02
3.264573216438293457e-01
-1.034324467182159424e-01
-3.838359117507934570e-01
-3.713214397430419922e-01
-8.001899719238281250e-01
4.212376475334167480e-02
1.155633628368377686e-01
-2.605860531330108643e-01
-1.669176369905471802e-01
-6.452224254608154297e-01
-1.883588433265686035e-01
1.821245253086090088e-01
2.334703207015991211e-01
3.016087710857391357e-01
1.583830714225769043e-01
1.058785915374755859e-01
-5.852555036544799805e-01
3.000985682010650635e-01
-3.542964756488800049e-01
7.919064164161682129e-02
7.050246000289916992e-02
-2.436790466308593750e-01
2.660873830318450928e-01
-8.453652262687683105e-02
3.448652327060699463e-01
-4.599466919898986816e-02
3.562611639499664307e-01
3.908672928810119629e-01
2.545524239540100098e-01
4.562270641326904297e-02
-2.117157280445098877e-01
2.794796228408813477e-02
-1.212862133979797363e-02
-6.889641284942626953e-02
-1.740503311157226562e-02
-1.548936665058135986e-01
2.636433243751525879e-01
2.657196521759033203e-01
-1.566210389137268066e-02
-4.053045809268951416e-01
4.059690237045288086e-01
-3.634473085403442383e-01
3.426044285297393799e-01
-1.184020340442657471e-01
3.071133494377136230e-01
2.256985008716583252e-01
3.202735781669616699e-01
3.123256564140319824e-02
-6.664937138557434082e-01
3.420384526252746582e-01
3.628153502941131592e-01
9.971126914024353027e-02
3.231874108314514160e-01
2.668464481830596924e-01
-1.658372581005096436e-01
2.073830962181091309e-01
-4.285617470741271973e-01
1.242503821849822998e-01
-2.899490892887115479e-01
2.819854617118835449e-01
3.288643956184387207e-01
-8.615937232971191406e-01
2.746620476245880127e-01
-1.375127553939819336e+00
-1.060938119888305664e+00
3.098799884319305420e-01
3.534851074218750000e-01
3.592378497123718262e-01
1.584530472755432129e-01
-3.075098991394042969e-02
3.765958845615386963e-01
2.531748116016387939e-01
-5.030149221420288086e-02
2.654817104339599609e-01
6.429100036621093750e-02
-4.394188821315765381e-01
7.220119237899780273e-03
-9.235697984695434570e-02
-4.882106482982635498e-01
4.508760571479797363e-01
-2.318076491355895996e-01
-1.009052991867065430e-01
2.546309232711791992e-01
-1.215678691864013672e+00
3.484968245029449463e-01
-4.137260913848876953e-01
4.423928856849670410e-01
3.575095832347869873e-01
1.231115460395812988e-01
-5.144506692886352539e-03
-5.973628759384155273e-01
3.220127224922180176e-01
-1.374170035123825073e-01
-2.742728292942047119e-01
4.446749389171600342e-01
8.073240518569946289e-03
2.055915594100952148e-01
3.562104403972625732e-01
1.423707902431488037e-01
2.459396421909332275e-01
3.314649164676666260e-01
1.988175511360168457e-01
-2.903435230255126953e-01
3.285798430442810059e-01
-4.287761747837066650e-01
3.979155123233795166e-01
-5.191283226013183594e-01
2.051190137863159180e-01
-5.391779541969299316e-02
3.099772632122039795e-01
3.125987052917480469e-01
-5.567505359649658203e-01
8.822023868560791016e-02
3.781001865863800049e-01
2.867549657821655273e-03
2.731586396694183350e-01
2.528239488601684570e-01
8.791717886924743652e-02
1.188373565673828125e-01
1.563972234725952148e-01
5.908766388893127441e-02
6.550556421279907227e-02
2.972176969051361084e-01
2.067390382289886475e-01
-1.943119764328002930e-01
2.341948747634887695e-01
-1.274821162223815918e-01
2.343702018260955811e-01
1.331522464752197266e-01
-4.846889972686767578e-01
2.608963549137115479e-01
-3.825137317180633545e-01
1.129424870014190674e-01
-9.832355380058288574e-02
-2.947655916213989258e-01
-7.545229792594909668e-01
-6.508048772811889648e-01
2.740328907966613770e-01
-1.054807782173156738e+00
3.958961665630340576e-01
-5.373896360397338867e-01
4.554468095302581787e-01
9.571006894111633301e-02
-2.240042984485626221e-01
1.593134701251983643e-01
2.672094106674194336e-01
2.142342031002044678e-01
2.312658429145812988e-01
2.286665141582489014e-01
-2.810246050357818604e-01
4.409539699554443359e-02
1.725415885448455811e-01
9.228086471557617188e-02
3.053366541862487793e-01
-4.602329432964324951e-01
3.023943603038787842e-01
-1.297834515571594238e-02
3.262239992618560791e-01
5.972227454185485840e-02
-4.939568638801574707e-01
2.510803937911987305e-01
9.482517838478088379e-02
2.689262330532073975e-01
8.180099725723266602e-02
2.056940495967864990e-01
1.859892010688781738e-01
2.163332700729370117e-02
5.028289556503295898e-02
-4.399192333221435547e-02
2.917448580265045166e-01
-3.495385944843292236e-01
2.513707876205444336e-01
3.252604901790618896e-01
9.392488002777099609e-02
1.539451181888580322e-01
-2.507624328136444092e-01
3.070695102214813232e-01
9.907695651054382324e-02
-6.201918125152587891e-01
1.978469491004943848e-01
-1.649175286293029785e-01
3.210329413414001465e-01
3.818753361701965332e-02
-9.593722224235534668e-02
-2.550460994243621826e-01
8.461922407150268555e-03
2.795094847679138184e-01
-2.517326474189758301e-01
-2.706615626811981201e-01
3.638784587383270264e-01
2.898807525634765625e-01
2.247376739978790283e-01
-4.207068383693695068e-01
-1.609876155853271484e-01
-2.143998444080352783e-01
2.998113036155700684e-01
-3.586859703063964844e-01
-2.055737376213073730e-02
3.081405162811279297e-01
1.044107973575592041e-01
3.004190325736999512e-01
1.157054603099822998e-01
1.212022602558135986e-01
-1.876472532749176025e-01
-2.012399435043334961e-01
-3.883228898048400879e-01
-5.170758962631225586e-01
2.022388577461242676e-02
-7.650873661041259766e-01
3.096264004707336426e-01
2.953712344169616699e-01
-1.341795921325683594e-02
3.297198712825775146e-01
1.479317545890808105e-01
2.807313203811645508e-01
-1.345300674438476562e-02
-4.213004410266876221e-01
-1.041338145732879639e-01
3.673577606678009033e-01
2.872677445411682129e-01
1.444457769393920898e-01
-1.519044339656829834e-01
-8.160296678543090820e-01
1.628979742527008057e-01
3.698065876960754395e-01
1.911156773567199707e-01
8.646219968795776367e-03
1.102679371833801270e-01
3.776568174362182617e-02
1.993200480937957764e-01
-5.527696013450622559e-02
1.391932666301727295e-01
-1.038450598716735840e-01
2.169398367404937744e-01
7.787704467773437500e-02
-9.313344955444335938e-03
-3.235988914966583252e-01
2.206944823265075684e-01
2.578387558460235596e-01
2.427656650543212891e-01
-3.552514910697937012e-01
1.611231863498687744e-01
2.999486029148101807e-01
4.768267273902893066e-02
3.000223934650421143e-01
1.981385946273803711e-01
-4.677280783653259277e-02
7.148236036300659180e-02
-1.147890388965606689e-01
1.600790321826934814e-01
2.022384703159332275e-01
1.130642890930175781e-01
-2.079274058341979980e-01
-6.157797574996948242e-01
1.007523834705352783e-01
-3.336213529109954834e-01
1.384442150592803955e-01
-1.951845884323120117e-01
7.516175508499145508e-03
2.228281497955322266e-01
-7.522692084312438965e-01
2.750397622585296631e-01
-3.471602499485015869e-01
3.291131854057312012e-01
-3.780247867107391357e-01
2.601534128189086914e-02
2.998613715171813965e-01
-4.195058941841125488e-01
-1.857659220695495605e-01
2.866204977035522461e-01
-1.117239296436309814e-01
2.991612553596496582e-01
3.057805895805358887e-01
8.026722073554992676e-02
4.725015163421630859e-02
5.522748827934265137e-02
3.597155213356018066e-02
-2.542075514793395996e-02
-3.128398060798645020e-01
-3.158375918865203857e-01
4.173195362091064453e-02
4.001593589782714844e-02
1.909129321575164795e-01
5.928161740303039551e-02
-1.393490076065063477e+00
-2.792099416255950928e-01
5.044963359832763672e-01
3.935581147670745850e-01
-1.276254057884216309e-01
3.637423813343048096e-01
-3.988702893257141113e-01
1.301090121269226074e-01
1.156688630580902100e-01
3.964371681213378906e-01
2.565526366233825684e-01
-5.146959424018859863e-02
2.416062653064727783e-01
-3.408272862434387207e-01
1.307280957698822021e-01
-3.776192069053649902e-01
1.196559369564056396e-01
-4.622456431388854980e-02
3.020225167274475098e-01
1.637116372585296631e-01
2.302690744400024414e-01
5.806952714920043945e-03
2.276948988437652588e-01
-3.288571238517761230e-01
2.971040606498718262e-01
2.809557020664215088e-01
1.553575992584228516e-01
-3.797894716262817383e-01
-3.437727987766265869e-01
-1.731379777193069458e-01
3.213865458965301514e-01
1.778377294540405273e-01
2.387964129447937012e-01
3.050757348537445068e-01
-6.220388412475585938e-01
4.544886946678161621e-02
1.001107394695281982e-01
-3.075619339942932129e-01
3.072546720504760742e-01
3.302219808101654053e-01
1.809430122375488281e-02
-2.605016827583312988e-01
-2.351323217153549194e-01
1.271243095397949219e-01
7.283923029899597168e-02
6.360718607902526855e-02
-4.095799028873443604e-01
2.249584496021270752e-01
1.934845745563507080e-01
1.727902293205261230e-01
-5.002292990684509277e-02
-1.345887482166290283e-01
-5.469025969505310059e-01
-6.555211544036865234e-02
2.864378392696380615e-01
3.243105113506317139e-01
3.901538252830505371e-02
1.734250783920288086e-02
-9.315589070320129395e-02
-6.506431102752685547e-02
8.293679356575012207e-02
-4.793358445167541504e-01
4.573532938957214355e-02
2.013139724731445312e-01
7.462728023529052734e-02
-1.082138299942016602e+00
1.661090254783630371e-01
1.495052576065063477e-01
2.392719686031341553e-01
3.164293766021728516e-01
-2.247369289398193359e-02
1.477143466472625732e-01
2.382226884365081787e-01
3.095363974571228027e-01
1.003526449203491211e-01
-2.407371997833251953e-01
1.980337798595428467e-01
3.216454088687896729e-01
1.233390271663665771e-01
-1.687121093273162842e-01
2.171919345855712891e-01
2.648595273494720459e-01
-2.930521965026855469e-02
1.384688913822174072e-01
3.528794646263122559e-02
1.120187044143676758e-01
2.744417190551757812e-01
1.599211692810058594e-01
-1.504162251949310303e-01
-2.841701209545135498e-01
3.601789474487304688e-02
-7.077236175537109375e-01
1.738683581352233887e-01
-1.813814043998718262e-02
3.342518806457519531e-01
1.774681210517883301e-01
1.599625051021575928e-01
-8.276864290237426758e-01
-7.598826289176940918e-02
-3.453138470649719238e-01
1.911866962909698486e-01
3.760218620300292969e-02
-1.450406014919281006e-01
-1.200049817562103271e-01
7.582473754882812500e-02
7.654136419296264648e-02
-6.052262187004089355e-01
9.780350327491760254e-02
1.957886219024658203e-01
1.874730288982391357e-01
-1.468932330608367920e-01
1.953922510147094727e-01
-1.640613198280334473e+00
2.902034223079681396e-01
2.097129821777343750e-01
2.144159078598022461e-01
2.270248234272003174e-01
1.497283875942230225e-01
3.100398182868957520e-01
-3.194827437400817871e-01
2.671664655208587646e-01
2.771684527397155762e-01
-2.107072472572326660e-01
-1.540552526712417603e-01
1.237953603267669678e-01
3.629536628723144531e-01
3.557817339897155762e-01
2.841815948486328125e-01
-2.571461200714111328e-01
4.716309905052185059e-02
1.392548978328704834e-01
1.453146040439605713e-01
2.152803242206573486e-01
9.985178709030151367e-03
-3.751300573348999023e-01
1.149897575378417969e-01
2.444908022880554199e-01
-1.977345347404479980e-01
3.113911747932434082e-01
-9.774454236030578613e-01
3.462621867656707764e-01
8.908441662788391113e-02
-1.809068202972412109e+00
5.327438116073608398e-01
-7.000054121017456055e-01
2.451275587081909180e-01
3.863264620304107666e-01
-2.643657624721527100e-01
3.448861539363861084e-01
-5.859174132347106934e-01
4.111592471599578857e-01
2.608910501003265381e-01
4.034217596054077148e-01
3.087768554687500000e-01
3.084549903869628906e-01
-1.104578495025634766e+00
3.008346259593963623e-01
-6.847634911537170410e-02
2.559462189674377441e-01
3.119284212589263916e-01
2.783651053905487061e-01
-5.784463286399841309e-01
4.330602288246154785e-02
1.627863049507141113e-01
6.793439388275146484e-04
2.901656031608581543e-01
-5.216491222381591797e-01
4.324484765529632568e-01
1.562469899654388428e-01
-6.991037130355834961e-01
-2.808979749679565430e-01
1.648678183555603027e-01
3.932239413261413574e-01
-4.045483469963073730e-02
1.469632387161254883e-01
-1.600715667009353638e-01
3.390888869762420654e-01
1.458439826965332031e-01
3.311399817466735840e-01
-6.411698460578918457e-02
1.339486241340637207e-01
-7.142686843872070312e-02
2.305150032043457031e-01
1.281827092170715332e-01
-5.601168274879455566e-01
2.380960285663604736e-01
1.433948278427124023e-01
-1.996499896049499512e-01
-8.452044725418090820e-01
-7.997989654541015625e-03
3.154390752315521240e-01
1.356641352176666260e-01
1.919727921485900879e-01
2.617780864238739014e-01
2.495510578155517578e-01
1.149252057075500488e-02
-4.436465501785278320e-01
3.962076902389526367e-01
3.452672064304351807e-01
2.429036796092987061e-01
2.008679807186126709e-01
5.962252616882324219e-02
3.044379055500030518e-01
-2.058298587799072266e-01
-7.099553942680358887e-02
2.480702102184295654e-01
-1.464246511459350586e-01
2.757987976074218750e-01
-1.845135450363159180e+00
-6.946057081222534180e-02
3.002705574035644531e-01
-2.239087969064712524e-01
3.508934378623962402e-02
3.228756785392761230e-01
-3.611566424369812012e-01
-7.175946235656738281e-02
3.737833201885223389e-01
-4.103599786758422852e-01
-1.183104515075683594e-02
1.771151423454284668e-01
4.000512659549713135e-01
2.505999803543090820e-01
1.295340061187744141e-01
1.068960130214691162e-01
1.788355708122253418e-01
3.780743479728698730e-02
2.895949482917785645e-01
1.691660583019256592e-01
-2.129045128822326660e-01
3.036299049854278564e-01
1.755045652389526367e-01
2.996104061603546143e-01
2.362864315509796143e-01
-1.494494378566741943e-01
-2.383479475975036621e-01
5.950051546096801758e-02
3.061935007572174072e-01
-9.807151556015014648e-02
-1.450227200984954834e-01
-1.027688384056091309e-01
2.849337160587310791e-01
-4.154871702194213867e-01
-1.337977349758148193e-01
-1.357170045375823975e-01
1.510621905326843262e-01
-1.272001862525939941e-02
1.993947029113769531e-01
2.080617249011993408e-01
-8.472532033920288086e-03
1.285060346126556396e-01
-3.296920657157897949e-02
-4.520594775676727295e-01
-2.684118032455444336e+00
-3.859471082687377930e-01
1.223015338182449341e-01
-1.478291749954223633e+00
5.528895854949951172e-01
4.244883954524993896e-01
3.431460857391357422e-01
2.643235325813293457e-01
-3.642731904983520508e-02
-1.790190786123275757e-01
1.689625978469848633e-01
-3.458768129348754883e-03
2.391493022441864014e-01
3.419860899448394775e-01
2.798372507095336914e-02
-1.908619701862335205e-01
1.922425627708435059e-02
1.023824512958526611e-01
3.197732567787170410e-01
4.037191867828369141e-01
-1.003921031951904297e-03
-1.345130503177642822e-01
3.554838001728057861e-01
-6.096984744071960449e-01
1.434075534343719482e-01
-9.472964704036712646e-02
-6.127893924713134766e-03
-7.271319627761840820e-03
4.264250397682189941e-01
-2.730021178722381592e-01
4.424873888492584229e-01
1.779707670211791992e-01
8.062767982482910156e-02
3.037615120410919189e-01
1.904238760471343994e-01
-6.075545549392700195e-01
1.903007030487060547e-01
3.304749131202697754e-01
-5.423128604888916016e-03
2.606418430805206299e-01
-4.468389749526977539e-01
1.643173694610595703e-01
3.529817461967468262e-01
3.043649494647979736e-01
1.561256945133209229e-01
6.917318701744079590e-02
-6.456097960472106934e-02
1.689491569995880127e-01
1.609662175178527832e-01
-3.033635914325714111e-01
2.586042881011962891e-02
1.915491521358489990e-01
2.800287902355194092e-01
2.655453085899353027e-01
-1.556216180324554443e-01
5.657875537872314453e-02
-6.524413824081420898e-01
-3.236272633075714111e-01
-6.093508005142211914e-02
-7.080358266830444336e-02
-6.791186332702636719e-01
-1.628976166248321533e-01
-9.522191882133483887e-01
1.341038942337036133e-02
-9.548366069793701172e-04
-2.535610795021057129e-01
3.114222884178161621e-01
-6.035679578781127930e-02
3.081133067607879639e-01
1.932354867458343506e-01
5.447801947593688965e-02
-1.908286660909652710e-01
-8.448261022567749023e-02
3.861785829067230225e-01
2.832255363464355469e-01
7.741922140121459961e-02
3.736523389816284180e-01
-1.324863731861114502e-01
-1.504585742950439453e-01
9.728825092315673828e-02
-7.940353751182556152e-01
-9.585991501808166504e-02
3.722192347049713135e-01
3.909452557563781738e-01
1.301406323909759521e-01
-3.824980258941650391e-01
3.055823147296905518e-01
-1.410778015851974487e-01
1.218875348567962646e-01
1.735106408596038818e-01
-7.072001695632934570e-03
3.137018382549285889e-01
-6.573938131332397461e-01
-4.095760881900787354e-01
3.617628216743469238e-01
3.837546706199645996e-01
3.444489240646362305e-01
3.408475816249847412e-01
-6.020317077636718750e-01
1.805288791656494141e-01
1.564297080039978027e-02
1.450535058975219727e-01
1.249574720859527588e-01
-4.430949985980987549e-01
-2.639693021774291992e-02
2.304541468620300293e-01
3.869688510894775391e-02
1.286894679069519043e-01
-1.856204867362976074e-02
2.696560025215148926e-01
2.467008233070373535e-01
2.227301299571990967e-01
-8.632463812828063965e-01
3.803130984306335449e-02
-3.218444585800170898e-01
-3.588056862354278564e-01
-1.782497048377990723e+00
6.128582358360290527e-01
-1.708835363388061523e-03
-1.084917068481445312e+00
4.240167737007141113e-01
2.545949220657348633e-01
4.016202986240386963e-01
4.170387685298919678e-01
2.622420489788055420e-01
-7.849010825157165527e-02
1.017029583454132080e-01
7.737860083580017090e-02
1.320977210998535156e-01
3.254421949386596680e-01
-1.598547250032424927e-01
4.095562398433685303e-01
1.261192560195922852e-01
3.856768608093261719e-01
-1.997418701648712158e-01
3.469136953353881836e-01
3.493452370166778564e-01
3.429225683212280273e-01
2.559880614280700684e-01
5.185455083847045898e-02
1.611921489238739014e-01
2.784418165683746338e-01
-7.914513349533081055e-03
-2.190415859222412109e-01
1.323913335800170898e-01
-1.415883600711822510e-01
-1.871657967567443848e-01
1.937316656112670898e-01
-1.125580072402954102e-01
9.148448705673217773e-02
3.032156229019165039e-01
-1.483197212219238281e-01
2.681718170642852783e-01
-2.723467350006103516e-02
4.720187187194824219e-02
5.839374661445617676e-02
2.617938518524169922e-01
2.854272127151489258e-01
-2.446259558200836182e-01
2.032204866409301758e-01
3.043097257614135742e-02
2.499255239963531494e-01
-1.780948042869567871e-02
-3.678175806999206543e-01
6.795799732208251953e-02
-2.239045202732086182e-01
-2.899110317230224609e-03
3.289217352867126465e-01
4.824626445770263672e-02
1.195658147335052490e-01
2.048581838607788086e-01
5.409836769104003906e-03
4.139614105224609375e-02
2.838483452796936035e-01
-4.323990046977996826e-01
-5.253663063049316406e-01
3.705979585647583008e-01
-2.017982304096221924e-01
2.406316101551055908e-01
-3.778369426727294922e-01
1.375059187412261963e-01
-5.422257781028747559e-01
2.969026863574981689e-01
2.424360811710357666e-01
3.070429861545562744e-01
-4.705929756164550781e-02
1.495600044727325439e-01
-1.069598555564880371e+00
1.794537007808685303e-01
2.544333338737487793e-01
-7.868468761444091797e-02
-3.296771645545959473e-02
-3.018540143966674805e-01
1.335483789443969727e-01
2.931175231933593750e-01
-2.076881229877471924e-01
2.047270834445953369e-01
2.975386083126068115e-01
1.995995938777923584e-01
1.285657584667205811e-01
1.645964384078979492e-01
9.448900818824768066e-02
-1.836481690406799316e-01
2.721515297889709473e-01
1.436825394630432129e-01
2.954683899879455566e-01
6.061786413192749023e-02
2.755761146545410156e-02
2.821410298347473145e-01
2.630088329315185547e-01
-1.443867087364196777e-01
-1.876497268676757812e-02
1.238817870616912842e-01
-1.693224012851715088e-01
-2.318700253963470459e-01
-2.358284145593643188e-01
3.002583980560302734e-04
-5.748436450958251953e-01
1.730497181415557861e-01
3.447976708412170410e-01
3.047388494014739990e-01
2.699985504150390625e-01
2.576655745506286621e-01
2.638867497444152832e-01
2.565371990203857422e-01
2.502824068069458008e-01
2.428617477416992188e-01
2.372952699661254883e-01
2.319641113281250000e-01
2.239302992820739746e-01
2.198443412780761719e-01
2.116838693618774414e-01
