1.427696179598569870e-02
1.427696179598569870e-02
1.427696179598569870e-02
1.427696179598569870e-02
1.427696179598569870e-02
1.427696179598569870e-02
1.427696179598569870e-02
1.427696179598569870e-02
1.427696179598569870e-02
1.427696179598569870e-02
1.427696179598569870e-02
1.427696179598569870e-02
1.427696179598569870e-02
1.427696179598569870e-02
1.427696179598569870e-02
1.427696179598569870e-02
1.427696179598569870e-02
1.427696179598569870e-02
1.427696179598569870e-02
1.427696179598569870e-02
1.427696179598569870e-02
1.427696179598569870e-02
1.427696179598569870e-02
1.427696179598569870e-02
1.427696179598569870e-02
1.427696179598569870e-02
1.427696179598569870e-02
1.427696179598569870e-02
1.427696179598569870e-02
1.427696179598569870e-02
1.427696179598569870e-02
1.427696179598569870e-02
1.427696179598569870e-02
1.427696179598569870e-02
1.427696179598569870e-02
1.427696179598569870e-02
1.427696179598569870e-02
1.427696179598569870e-02
1.427696179598569870e-02
1.427696179598569870e-02
1.427696179598569870e-02
1.427696179598569870e-02
1.427696179598569870e-02
1.427696179598569870e-02
1.427696179598569870e-02
1.427696179598569870e-02
1.427696179598569870e-02
1.427696179598569870e-02
1.427696179598569870e-02
1.427696179598569870e-02
1.427696179598569870e-02
1.427696179598569870e-02
1.427696179598569870e-02
1.427696179598569870e-02
1.427696179598569870e-02
1.427696179598569870e-02
1.427696179598569870e-02
1.427696179598569870e-02
1.427696179598569870e-02
1.427696179598569870e-02
1.427696179598569870e-02
1.427696179598569870e-02
1.429042872041463852e-02
1.429042872041463852e-02
1.429042872041463852e-02
1.429042872041463852e-02
1.430392172187566757e-02
1.430392172187566757e-02
1.430392172187566757e-02
1.430392172187566757e-02
1.430392172187566757e-02
1.430392172187566757e-02
1.430392172187566757e-02
1.430392172187566757e-02
1.430392172187566757e-02
1.430392172187566757e-02
1.430392172187566757e-02
1.430392172187566757e-02
1.430392172187566757e-02
1.430392172187566757e-02
1.430392172187566757e-02
1.430392172187566757e-02
1.430392172187566757e-02
1.430392172187566757e-02
1.430392172187566757e-02
1.430392172187566757e-02
1.430392172187566757e-02
1.430392172187566757e-02
1.430392172187566757e-02
1.430392172187566757e-02
1.430392172187566757e-02
1.430392172187566757e-02
1.430392172187566757e-02
1.430392172187566757e-02
1.430392172187566757e-02
1.430392172187566757e-02
1.430392172187566757e-02
1.430392172187566757e-02
1.430392172187566757e-02
1.430392172187566757e-02
1.430392172187566757e-02
1.430392172187566757e-02
1.430392172187566757e-02
1.430392172187566757e-02
1.430392172187566757e-02
1.430392172187566757e-02
1.430392172187566757e-02
1.430392172187566757e-02
1.430392172187566757e-02
1.430392172187566757e-02
1.430392172187566757e-02
1.430392172187566757e-02
1.430392172187566757e-02
1.430392172187566757e-02
1.430392172187566757e-02
1.430392172187566757e-02
1.430392172187566757e-02
1.430392172187566757e-02
1.430392172187566757e-02
1.430392172187566757e-02
1.430392172187566757e-02
1.430392172187566757e-02
1.430392172187566757e-02
1.430392172187566757e-02
1.430392172187566757e-02
1.430392172187566757e-02
1.430392172187566757e-02
1.430392172187566757e-02
1.431743986904621124e-02
1.431743986904621124e-02
1.431743986904621124e-02
1.431743986904621124e-02
1.431743986904621124e-02
1.431743986904621124e-02
1.431743986904621124e-02
1.431743986904621124e-02
1.431743986904621124e-02
1.431743986904621124e-02
1.431743986904621124e-02
1.433098316192626953e-02
1.433098316192626953e-02
1.433098316192626953e-02
1.433098316192626953e-02
1.433098316192626953e-02
1.433098316192626953e-02
1.433098316192626953e-02
1.433098316192626953e-02
1.433098316192626953e-02
1.433098316192626953e-02
1.433098316192626953e-02
1.433098316192626953e-02
1.433098316192626953e-02
1.433098316192626953e-02
1.433098316192626953e-02
1.433098316192626953e-02
1.433098316192626953e-02
1.433098316192626953e-02
1.433098316192626953e-02
1.433098316192626953e-02
1.433098316192626953e-02
1.433098316192626953e-02
1.433098316192626953e-02
1.433098316192626953e-02
1.433098316192626953e-02
1.433098316192626953e-02
1.433098316192626953e-02
1.433098316192626953e-02
1.433098316192626953e-02
1.433098316192626953e-02
1.433098316192626953e-02
1.433098316192626953e-02
1.433098316192626953e-02
1.433098316192626953e-02
1.433098316192626953e-02
1.433098316192626953e-02
1.433098316192626953e-02
1.433098316192626953e-02
1.433098316192626953e-02
1.433098316192626953e-02
1.433098316192626953e-02
1.433098316192626953e-02
1.434455066919326782e-02
1.434455066919326782e-02
1.434455066919326782e-02
1.435814518481492996e-02
1.435814518481492996e-02
1.435814518481492996e-02
1.435814518481492996e-02
1.435814518481492996e-02
1.435814518481492996e-02
1.435814518481492996e-02
1.437176670879125595e-02
1.437176670879125595e-02
1.437176670879125595e-02
1.437176670879125595e-02
1.437176670879125595e-02
1.437176670879125595e-02
1.437176670879125595e-02
1.437176670879125595e-02
1.437176670879125595e-02
1.437176670879125595e-02
1.437176670879125595e-02
1.439908612519502640e-02
1.439908612519502640e-02
1.441278494894504547e-02
1.441278494894504547e-02
1.441278494894504547e-02
1.441278494894504547e-02
1.442650984972715378e-02
1.442650984972715378e-02
1.442650984972715378e-02
1.442650984972715378e-02
1.442650984972715378e-02
1.442650984972715378e-02
1.442650984972715378e-02
1.442650984972715378e-02
1.442650984972715378e-02
1.442650984972715378e-02
1.442650984972715378e-02
1.442650984972715378e-02
1.444025896489620209e-02
1.444025896489620209e-02
1.444025896489620209e-02
1.444025896489620209e-02
1.444025896489620209e-02
1.445403508841991425e-02
1.445403508841991425e-02
1.445403508841991425e-02
1.445403508841991425e-02
1.445403508841991425e-02
1.445403508841991425e-02
1.445403508841991425e-02
1.445403508841991425e-02
1.445403508841991425e-02
1.445403508841991425e-02
1.445403508841991425e-02
1.445403508841991425e-02
1.445403508841991425e-02
1.445403508841991425e-02
1.445403508841991425e-02
1.445403508841991425e-02
1.445403508841991425e-02
1.445403508841991425e-02
1.445403508841991425e-02
1.445403508841991425e-02
1.446783915162086487e-02
1.446783915162086487e-02
1.448166836053133011e-02
1.448166836053133011e-02
1.448166836053133011e-02
1.448166836053133011e-02
1.452331710606813431e-02
1.452331710606813431e-02
1.452331710606813431e-02
1.452331710606813431e-02
1.452331710606813431e-02
1.452331710606813431e-02
1.452331710606813431e-02
1.452331710606813431e-02
1.452331710606813431e-02
1.452331710606813431e-02
1.452331710606813431e-02
1.453725248575210571e-02
1.455121487379074097e-02
1.455121487379074097e-02
1.455121487379074097e-02
1.455121487379074097e-02
1.456520520150661469e-02
1.456520520150661469e-02
1.456520520150661469e-02
1.456520520150661469e-02
1.456520520150661469e-02
1.456520520150661469e-02
1.457922160625457764e-02
1.459326501935720444e-02
1.460733637213706970e-02
1.460733637213706970e-02
1.460733637213706970e-02
1.460733637213706970e-02
1.460733637213706970e-02
1.460733637213706970e-02
1.462143287062644958e-02
1.463555824011564255e-02
1.463555824011564255e-02
1.463555824011564255e-02
1.464970968663692474e-02
1.464970968663692474e-02
1.464970968663692474e-02
1.464970968663692474e-02
1.464970968663692474e-02
1.464970968663692474e-02
1.466389000415802002e-02
1.467809826135635376e-02
1.467809826135635376e-02
1.469233259558677673e-02
1.469233259558677673e-02
1.470659393817186356e-02
1.470659393817186356e-02
1.470659393817186356e-02
1.470659393817186356e-02
1.472088322043418884e-02
1.472088322043418884e-02
1.472088322043418884e-02
1.473520137369632721e-02
1.473520137369632721e-02
1.476392243057489395e-02
1.476392243057489395e-02
1.476392243057489395e-02
1.476392243057489395e-02
1.476392243057489395e-02
1.476392243057489395e-02
1.476392243057489395e-02
1.476392243057489395e-02
1.479275245219469070e-02
1.480721123516559601e-02
1.480721123516559601e-02
1.480721123516559601e-02
1.483621262013912201e-02
1.485075522214174271e-02
1.487992703914642334e-02
1.489455625414848328e-02
1.492390036582946777e-02
1.493861712515354156e-02
1.493861712515354156e-02
1.496813632547855377e-02
1.498293783515691757e-02
1.498293783515691757e-02
1.501263305544853210e-02
1.501263305544853210e-02
1.502752397209405899e-02
1.502752397209405899e-02
1.502752397209405899e-02
1.507237553596496582e-02
1.508738566190004349e-02
1.510242372751235962e-02
1.510242372751235962e-02
1.511749532073736191e-02
1.511749532073736191e-02
1.514772605150938034e-02
1.516288612037897110e-02
1.516288612037897110e-02
1.519329845905303955e-02
1.522383280098438263e-02
1.522383280098438263e-02
1.522383280098438263e-02
1.523914653807878494e-02
1.523914653807878494e-02
1.523914653807878494e-02
1.525449194014072418e-02
1.526986621320247650e-02
1.530070975422859192e-02
1.530070975422859192e-02
1.530070975422859192e-02
1.530070975422859192e-02
1.531617902219295502e-02
1.533167809247970581e-02
1.534720975905656815e-02
1.534720975905656815e-02
1.537836715579032898e-02
1.537836715579032898e-02
1.542534120380878448e-02
1.544106099754571915e-02
1.547260209918022156e-02
1.547260209918022156e-02
1.547260209918022156e-02
1.547260209918022156e-02
1.548841968178749084e-02
1.553606800734996796e-02
1.556799933314323425e-02
1.556799933314323425e-02
1.558401156216859818e-02
1.558401156216859818e-02
1.558401156216859818e-02
1.561614032834768295e-02
1.561614032834768295e-02
1.561614032834768295e-02
1.564839854836463928e-02
1.564839854836463928e-02
1.566457934677600861e-02
1.569703966379165649e-02
1.571332104504108429e-02
1.572963595390319824e-02
1.572963595390319824e-02
1.572963595390319824e-02
1.576236635446548462e-02
1.577878184616565704e-02
1.579523272812366486e-02
1.582823880016803741e-02
1.584479399025440216e-02
1.586137898266315460e-02
1.587800495326519012e-02
1.591135747730731964e-02
1.592808589339256287e-02
1.592808589339256287e-02
1.594484783709049225e-02
1.596164889633655548e-02
1.601225882768630981e-02
1.601225882768630981e-02
1.604617759585380554e-02
1.608023978769779205e-02
1.609732583165168762e-02
1.508829742670059204e-02
1.508829742670059204e-02
1.510441582649946213e-02
1.513675320893526077e-02
1.513675320893526077e-02
1.513675320893526077e-02
1.515297591686248779e-02
1.520184613764286041e-02
1.523460447788238525e-02
1.525103580206632614e-02
1.528400648385286331e-02
1.528400648385286331e-02
1.530054491013288498e-02
1.530054491013288498e-02
1.531711872667074203e-02
1.536705810576677322e-02
1.538377534598112106e-02
1.433171238750219345e-02
1.434737164527177811e-02
1.442619133740663528e-02
1.447389926761388779e-02
1.447389926761388779e-02
1.448987331241369247e-02
1.452192477881908417e-02
1.452192477881908417e-02
1.455411873757839203e-02
1.461893599480390549e-02
1.463523320853710175e-02
1.466793008148670197e-02
1.468433439731597900e-02
1.476690918207168579e-02
1.481690257787704468e-02
1.486723497509956360e-02
1.488408818840980530e-02
1.488408818840980530e-02
1.496892981231212616e-02
1.498601678758859634e-02
1.500314008444547653e-02
1.503750681877136230e-02
1.508934888988733292e-02
1.514155231416225433e-02
1.524705160409212112e-02
1.528254430741071701e-02
1.528254430741071701e-02
1.530035398900508881e-02
1.535402890294790268e-02
1.548075024038553238e-02
1.549902465194463730e-02
1.553570199757814407e-02
1.557255256921052933e-02
1.559104491025209427e-02
1.560958009213209152e-02
1.566545106470584869e-02
1.577840372920036316e-02
1.581641845405101776e-02
1.585461385548114777e-02
1.591225527226924896e-02
1.604839973151683807e-02
1.606803946197032928e-02
1.608772762119770050e-02
1.608772762119770050e-02
1.614708080887794495e-02
1.622690260410308838e-02
1.626710966229438782e-02
1.630751788616180420e-02
1.636850833892822266e-02
1.640942133963108063e-02
1.647117547690868378e-02
1.651260629296302795e-02
1.653339713811874390e-02
1.657514087855815887e-02
1.661709696054458618e-02
1.665926165878772736e-02
1.672291569411754608e-02
1.672291569411754608e-02
1.678705774247646332e-02
1.687335222959518433e-02
1.693865470588207245e-02
1.704862341284751892e-02
1.707079075276851654e-02
1.718248799443244934e-02
1.718248799443244934e-02
1.722757704555988312e-02
1.727290265262126923e-02
1.729565672576427460e-02
1.741032488644123077e-02
1.743344403803348541e-02
1.757344231009483337e-02
1.759699545800685883e-02
1.764428801834583282e-02
1.776364631950855255e-02
1.781184226274490356e-02
1.795800961554050446e-02
1.800726540386676788e-02
1.810659468173980713e-02
1.820702850818634033e-02
1.828308589756488800e-02
1.833414658904075623e-02
1.838549040257930756e-02
1.843712292611598969e-02
1.848904788494110107e-02
1.851512119174003601e-02
1.862014830112457275e-02
1.867311261594295502e-02
1.875312067568302155e-02
1.886087283492088318e-02
1.888800598680973053e-02
1.899732090532779694e-02
1.902484521269798279e-02
1.910790614783763885e-02
1.919169351458549500e-02
1.924796402454376221e-02
1.941876485943794250e-02
1.956343278288841248e-02
1.962190493941307068e-02
1.968072913587093353e-02
1.971027068793773651e-02
1.976962760090827942e-02
1.985933259129524231e-02
1.998021639883518219e-02
2.010257728397846222e-02
2.028895542025566101e-02
2.051081322133541107e-02
2.067228034138679504e-02
2.080329321324825287e-02
2.093597501516342163e-02
2.100295573472976685e-02
2.110423520207405090e-02
2.124079503118991852e-02
2.127521298825740814e-02
2.134438604116439819e-02
2.141400612890720367e-02
2.144898846745491028e-02
2.166130393743515015e-02
2.180519513785839081e-02
2.191437408328056335e-02
2.209879085421562195e-02
2.221094071865081787e-02
2.232423424720764160e-02
2.247710153460502625e-02
2.251564525067806244e-02
2.259313128888607025e-02
2.271036617457866669e-02
2.282882481813430786e-02
2.294852398335933685e-02
2.315083704888820648e-02
2.319172956049442291e-02
2.339837513864040375e-02
2.352413907647132874e-02
2.360873483121395111e-02
2.373677678406238556e-02
2.390967309474945068e-02
2.412937395274639130e-02
2.421838790178298950e-02
2.430805936455726624e-02
2.444381825625896454e-02
2.486035786569118500e-02
2.500237524509429932e-02
2.514602616429328918e-02
2.534014917910099030e-02
2.543834038078784943e-02
2.558705396950244904e-02
2.568717300891876221e-02
2.578807435929775238e-02
2.588977105915546417e-02
2.599227428436279297e-02
2.604383416473865509e-02
2.625212073326110840e-02
2.641053497791290283e-02
2.651721425354480743e-02
2.673317305743694305e-02
2.678771317005157471e-02
2.684247680008411407e-02
2.700812183320522308e-02
2.717581950128078461e-02
2.734561823308467865e-02
2.751754969358444214e-02
2.775018103420734406e-02
2.798677980899810791e-02
2.810660004615783691e-02
2.822744846343994141e-02
2.841068431735038757e-02
2.865873277187347412e-02
2.878438681364059448e-02
2.910339832305908203e-02
2.936374209821224213e-02
2.942956052720546722e-02
2.956208214163780212e-02
2.989866398274898529e-02
3.024300001561641693e-02
3.038296289741992950e-02
3.052423149347305298e-02
3.066681884229183197e-02
3.095602616667747498e-02
3.102918155491352081e-02
3.110268339514732361e-02
3.147548437118530273e-02
3.162712231278419495e-02
3.185733035206794739e-02
2.969496138393878937e-02
2.998886071145534515e-02
3.013800270855426788e-02
3.044078499078750610e-02
3.051743283867835999e-02
3.059446625411510468e-02
3.082792274653911591e-02
3.106497041881084442e-02
3.114479966461658478e-02
3.146825358271598816e-02
3.213575109839439392e-02
3.256750851869583130e-02
3.283217921853065491e-02
3.319182991981506348e-02
3.346678987145423889e-02
3.393531590700149536e-02
3.412641957402229309e-02
3.451516106724739075e-02
3.491286188364028931e-02
3.521719574928283691e-02
3.521719574928283691e-02
3.531982377171516418e-02
3.573639318346977234e-02
3.573639318346977234e-02
3.584207594394683838e-02
3.616290539503097534e-02
3.616290539503097534e-02
3.659972548484802246e-02
3.693432360887527466e-02
3.762222081422805786e-02
3.785724937915802002e-02
3.809523209929466248e-02
3.845787048339843750e-02
3.870349004864692688e-02
3.907785937190055847e-02
3.945954144001007080e-02
3.971816599369049072e-02
4.011252149939537048e-02
4.011252149939537048e-02
4.051478207111358643e-02
4.078747704625129700e-02
4.148552939295768738e-02
4.162802174687385559e-02
4.162802174687385559e-02
4.191595315933227539e-02
4.206142202019691467e-02
4.265351966023445129e-02
4.280416294932365417e-02
4.326253384351730347e-02
4.357360675930976868e-02
4.388918727636337280e-02
4.420936852693557739e-02
4.437121748924255371e-02
4.437121748924255371e-02
4.503064602613449097e-02
4.588301852345466614e-02
4.658849909901618958e-02
4.750146344304084778e-02
4.825801029801368713e-02
4.845092445611953735e-02
4.864538833498954773e-02
4.923826083540916443e-02
4.964160546660423279e-02
5.005161091685295105e-02
5.110688507556915283e-02
5.154156312346458435e-02
5.176168307662010193e-02
5.198369175195693970e-02
5.220761895179748535e-02
5.266130343079566956e-02
5.289111286401748657e-02
5.289111286401748657e-02
5.312294140458106995e-02
4.956501349806785583e-02
5.001124739646911621e-02
5.069585889577865601e-02
5.092824995517730713e-02
5.139947682619094849e-02
5.236859992146492004e-02
5.311976000666618347e-02
5.363262444734573364e-02
5.442075803875923157e-02
5.578708648681640625e-02
5.606862530112266541e-02
5.635302513837814331e-02
5.664031580090522766e-02
5.693056061863899231e-02
5.722378194332122803e-02
5.781940370798110962e-02
5.812188610434532166e-02
6.033124029636383057e-02
6.099367514252662659e-02
6.167082116007804871e-02
6.236316636204719543e-02
6.236316636204719543e-02
6.379556655883789062e-02
6.453672796487808228e-02
6.646723300218582153e-02
6.686727702617645264e-02
6.809683144092559814e-02
6.426979601383209229e-02
6.468138843774795532e-02
6.594840437173843384e-02
6.771704554557800293e-02
6.817413121461868286e-02
6.863743066787719727e-02
6.910706311464309692e-02
7.006589323282241821e-02
7.006589323282241821e-02
6.394652277231216431e-02
6.485906988382339478e-02
6.627777963876724243e-02
6.725858896970748901e-02
6.775996088981628418e-02
6.775996088981628418e-02
6.775996088981628418e-02
6.775996088981628418e-02
6.826885789632797241e-02
6.984248012304306030e-02
7.038325816392898560e-02
7.093248516321182251e-02
7.205706834793090820e-02
7.263281941413879395e-02
7.321786135435104370e-02
7.381240278482437134e-02
7.503094524145126343e-02
7.565541565418243408e-02
7.629037648439407349e-02
7.693607360124588013e-02
7.693607360124588013e-02
7.693607360124588013e-02
7.826084643602371216e-02
7.963204383850097656e-02
8.033582568168640137e-02
8.252381533384323120e-02
8.327987790107727051e-02
8.483432233333587646e-02
8.563351631164550781e-02
8.563351631164550781e-02
8.644792437553405762e-02
8.812407404184341431e-02
8.812407404184341431e-02
8.986651897430419922e-02
8.986651897430419922e-02
9.076384454965591431e-02
9.261332452297210693e-02
9.453976154327392578e-02
9.553334861993789673e-02
9.553334861993789673e-02
9.758451581001281738e-02
9.758451581001281738e-02
9.972570836544036865e-02
1.031196489930152893e-01
1.067527681589126587e-01
1.080213636159896851e-01
1.106512248516082764e-01
1.120147705078125000e-01
1.148452088236808777e-01
1.163147613406181335e-01
1.178223937749862671e-01
1.178223937749862671e-01
1.193696334958076477e-01
1.209580600261688232e-01
1.259874999523162842e-01
1.277582198381423950e-01
1.314533352851867676e-01
1.333822309970855713e-01
1.353685557842254639e-01
1.395241618156433105e-01
1.395241618156433105e-01
1.395241618156433105e-01
1.416991055011749268e-01
1.439429819583892822e-01
1.462590098381042480e-01
1.462590098381042480e-01
1.511221528053283691e-01
1.536770612001419067e-01
1.563198119401931763e-01
1.590550839900970459e-01
1.648231744766235352e-01
1.743048727512359619e-01
1.743048727512359619e-01
1.743048727512359619e-01
1.743048727512359619e-01
1.849440187215805054e-01
1.849440187215805054e-01
1.927889138460159302e-01
2.156583219766616821e-01
2.208991050720214844e-01
2.264009416103363037e-01
2.446836680173873901e-01
2.446836680173873901e-01
2.514522373676300049e-01
2.586059272289276123e-01
2.661785781383514404e-01
2.661785781383514404e-01
2.661785781383514404e-01
2.742080986499786377e-01
2.742080986499786377e-01
2.827370762825012207e-01
2.827370762825012207e-01
2.827370762825012207e-01
2.827370762825012207e-01
2.827370762825012207e-01
2.827370762825012207e-01
2.827370762825012207e-01
2.827370762825012207e-01
2.827370762825012207e-01
2.918137311935424805e-01
2.918137311935424805e-01
2.918137311935424805e-01
2.918137311935424805e-01
2.918137311935424805e-01
3.014924526214599609e-01
3.118352293968200684e-01
3.118352293968200684e-01
3.118352293968200684e-01
3.118352293968200684e-01
3.229129016399383545e-01
3.348065912723541260e-01
3.348065912723541260e-01
3.348065912723541260e-01
3.476099073886871338e-01
3.614313304424285889e-01
3.614313304424285889e-01
3.614313304424285889e-01
3.763974010944366455e-01
3.926565051078796387e-01
3.926565051078796387e-01
4.297871887683868408e-01
4.511165618896484375e-01
4.746735394001007080e-01
4.746735394001007080e-01
4.746735394001007080e-01
5.008263587951660156e-01
5.008263587951660156e-01
5.008263587951660156e-01
5.628481507301330566e-01
5.628481507301330566e-01
5.628481507301330566e-01
5.628481507301330566e-01
5.628481507301330566e-01
5.628481507301330566e-01
5.628481507301330566e-01
5.628481507301330566e-01
5.628481507301330566e-01
5.628481507301330566e-01
5.333331823348999023e-01
5.333331823348999023e-01
5.333331823348999023e-01
5.710245370864868164e-01
6.144486069679260254e-01
6.144486069679260254e-01
7.960588932037353516e-01
7.960588932037353516e-01
7.960588932037353516e-01
7.960588932037353516e-01
7.960588932037353516e-01
7.960588932037353516e-01
7.960588932037353516e-01
7.960588932037353516e-01
7.960588932037353516e-01
7.960588932037353516e-01
7.960588932037353516e-01
7.960588932037353516e-01
7.960588932037353516e-01
7.960588932037353516e-01
7.960588932037353516e-01
7.960588932037353516e-01
7.960588932037353516e-01
7.960588932037353516e-01
8.830598592758178711e-01
8.830598592758178711e-01
8.830598592758178711e-01
8.674845099449157715e-01
8.674845099449157715e-01
8.674845099449157715e-01
8.475522994995117188e-01
8.475522994995117188e-01
8.475522994995117188e-01
9.853656291961669922e-01
9.853656291961669922e-01
9.853656291961669922e-01
9.853656291961669922e-01
9.853656291961669922e-01
9.853656291961669922e-01
9.853656291961669922e-01
9.853656291961669922e-01
9.853656291961669922e-01
9.853656291961669922e-01
9.853656291961669922e-01
9.853656291961669922e-01
9.805822372436523438e-01
9.805822372436523438e-01
9.805822372436523438e-01
9.805822372436523438e-01
9.805822372436523438e-01
9.805822372436523438e-01
9.805822372436523438e-01
9.805822372436523438e-01
9.805822372436523438e-01
9.805822372436523438e-01
9.805822372436523438e-01
9.805822372436523438e-01
9.805822372436523438e-01
9.805822372436523438e-01
9.805822372436523438e-01
9.805822372436523438e-01
9.805822372436523438e-01
9.805822372436523438e-01
9.805822372436523438e-01
9.805822372436523438e-01
9.805822372436523438e-01
9.805822372436523438e-01
9.805822372436523438e-01
9.805822372436523438e-01
9.805822372436523438e-01
9.805822372436523438e-01
9.805822372436523438e-01
9.805822372436523438e-01
9.805822372436523438e-01
9.805822372436523438e-01
9.805822372436523438e-01
9.734936952590942383e-01
9.734936952590942383e-01
9.734936952590942383e-01
9.734936952590942383e-01
9.734936952590942383e-01
9.734936952590942383e-01
9.734936952590942383e-01
9.734936952590942383e-01
9.734936952590942383e-01
9.734936952590942383e-01
9.734936952590942383e-01
9.734936952590942383e-01
9.619041681289672852e-01
9.619041681289672852e-01
9.619041681289672852e-01
9.619041681289672852e-01
9.619041681289672852e-01
9.619041681289672852e-01
9.619041681289672852e-01
9.619041681289672852e-01
9.619041681289672852e-01
9.619041681289672852e-01
9.395340681076049805e-01
9.395340681076049805e-01
9.395340681076049805e-01
9.395340681076049805e-01
9.395340681076049805e-01
9.395340681076049805e-01
9.395340681076049805e-01
9.395340681076049805e-01
9.395340681076049805e-01
9.395340681076049805e-01
9.395340681076049805e-01
9.395340681076049805e-01
9.395340681076049805e-01
8.782597184181213379e-01
8.782597184181213379e-01
8.782597184181213379e-01
8.782597184181213379e-01
8.782597184181213379e-01
8.782597184181213379e-01
8.782597184181213379e-01
8.782597184181213379e-01
8.782597184181213379e-01
8.782597184181213379e-01
8.782597184181213379e-01
8.782597184181213379e-01
8.782597184181213379e-01
8.782597184181213379e-01
8.782597184181213379e-01
8.782597184181213379e-01
8.782597184181213379e-01
8.782597184181213379e-01
8.782597184181213379e-01
8.782597184181213379e-01
8.782597184181213379e-01
8.782597184181213379e-01
8.782597184181213379e-01
8.782597184181213379e-01
8.782597184181213379e-01
8.782597184181213379e-01
8.782597184181213379e-01
8.782597184181213379e-01
8.782597184181213379e-01
8.782597184181213379e-01
8.782597184181213379e-01
8.782597184181213379e-01
8.782597184181213379e-01
8.782597184181213379e-01
8.782597184181213379e-01
8.782597184181213379e-01
8.782597184181213379e-01
8.782597184181213379e-01
8.782597184181213379e-01
8.782597184181213379e-01
8.782597184181213379e-01
