2.910257574898158950e+00 0.000000000000000000e+00
2.116988084330403197e+00 0.000000000000000000e+00
3.346997460672356262e-01 0.000000000000000000e+00
1.464204437127086811e+00 0.000000000000000000e+00
7.791019308025624035e-01 0.000000000000000000e+00
9.844331501548162500e-01 0.000000000000000000e+00
1.564284555421480594e+00 0.000000000000000000e+00
2.387594008756955599e+00 0.000000000000000000e+00
2.910824398340082997e+00 0.000000000000000000e+00
3.112302047221143564e+00 0.000000000000000000e+00
2.066399779143003546e+00 0.000000000000000000e+00
1.695303654919670389e-01 0.000000000000000000e+00
2.367613006544247778e+00 0.000000000000000000e+00
1.957365754629524002e+00 0.000000000000000000e+00
5.068998210249270331e-01 0.000000000000000000e+00
3.111312794888224098e-01 0.000000000000000000e+00
1.157733812926859063e+00 0.000000000000000000e+00
7.315513606109702138e+00 0.000000000000000000e+00
1.827546300648927313e-02 0.000000000000000000e+00
1.434331832849258692e+00 0.000000000000000000e+00
2.919443016540984370e+00 0.000000000000000000e+00
2.417085955431907875e-03 0.000000000000000000e+00
3.679649126792444491e+00 0.000000000000000000e+00
2.523114234975261105e+00 0.000000000000000000e+00
1.674477605728589058e+00 0.000000000000000000e+00
1.422253683360649390e+00 0.000000000000000000e+00
2.848673465397628668e+00 0.000000000000000000e+00
8.533272397790277353e+00 0.000000000000000000e+00
5.490132218685962684e+00 0.000000000000000000e+00
1.111230714422331900e+00 0.000000000000000000e+00
6.054991561103446607e+00 0.000000000000000000e+00
1.336262552627678790e+00 0.000000000000000000e+00
6.390413165371434445e+00 0.000000000000000000e+00
2.983592584196540720e+00 0.000000000000000000e+00
5.609518411722236308e+00 0.000000000000000000e+00
4.168023659811289860e+00 0.000000000000000000e+00
7.110795376376000121e+00 0.000000000000000000e+00
3.100870279700014276e-01 0.000000000000000000e+00
4.552365246749947025e-01 0.000000000000000000e+00
1.431496080045794317e-01 0.000000000000000000e+00
1.484659416144109123e+00 0.000000000000000000e+00
3.530461156258351885e+00 0.000000000000000000e+00
4.425326645506365786e+00 0.000000000000000000e+00
7.476201603317633726e-01 0.000000000000000000e+00
5.435824123848199685e-01 0.000000000000000000e+00
6.867189737593538013e+00 0.000000000000000000e+00
3.551151885098863925e+00 0.000000000000000000e+00
3.560498106054084122e-01 0.000000000000000000e+00
6.232479102256521131e+00 0.000000000000000000e+00
2.787743081347997531e+00 0.000000000000000000e+00
2.782414218636917735e-01 0.000000000000000000e+00
2.427809767548025008e-02 0.000000000000000000e+00
4.466542994240403353e+00 0.000000000000000000e+00
3.267241918507763354e-01 0.000000000000000000e+00
1.358987351796107301e+00 0.000000000000000000e+00
3.589734935301712504e+00 0.000000000000000000e+00
3.411499756445397047e+00 0.000000000000000000e+00
2.928348395639875923e-01 0.000000000000000000e+00
1.102350013260319894e+00 0.000000000000000000e+00
1.085825032840506577e+00 0.000000000000000000e+00
3.909492896111037119e+00 0.000000000000000000e+00
1.269645060871830156e+00 0.000000000000000000e+00
4.332612605690178142e+00 0.000000000000000000e+00
1.310718449742321923e+01 0.000000000000000000e+00
3.193925296680775183e-01 0.000000000000000000e+00
2.109097684384199756e+00 0.000000000000000000e+00
2.825590775903592533e+00 0.000000000000000000e+00
7.913575762328323826e+00 0.000000000000000000e+00
5.352243885917775224e+00 0.000000000000000000e+00
1.956164365417501161e+00 0.000000000000000000e+00
1.401571242538490747e+00 0.000000000000000000e+00
1.295403717540527921e+01 0.000000000000000000e+00
2.402816406921833181e+00 0.000000000000000000e+00
4.069716510031132550e+00 0.000000000000000000e+00
1.118492221850324375e+00 0.000000000000000000e+00
3.830969762127542921e+00 0.000000000000000000e+00
5.270346279822248903e-01 0.000000000000000000e+00
1.455485049477570847e+00 0.000000000000000000e+00
1.214941957252580584e+00 0.000000000000000000e+00
1.405399339983067986e+00 0.000000000000000000e+00
1.473406110419240633e+00 0.000000000000000000e+00
1.575183660608882041e-01 0.000000000000000000e+00
4.325229256225007646e+00 0.000000000000000000e+00
4.954441545686034232e+00 0.000000000000000000e+00
1.761891460004506804e+00 0.000000000000000000e+00
5.212689581327636379e-01 0.000000000000000000e+00
1.371306100174822351e+00 0.000000000000000000e+00
7.571586915766417500e-03 0.000000000000000000e+00
1.704553182099160721e-02 0.000000000000000000e+00
1.756830953722124500e+00 0.000000000000000000e+00
2.081256141328371445e+00 0.000000000000000000e+00
1.908683016967237966e+00 0.000000000000000000e+00
5.807457920292882214e-01 0.000000000000000000e+00
3.604378055742822884e-01 0.000000000000000000e+00
8.241131395519481373e+00 0.000000000000000000e+00
2.288489069664332298e+00 0.000000000000000000e+00
2.534841966552829895e+00 0.000000000000000000e+00
6.726174767083222150e+01 1.000000000000000000e+00
9.736572657000334630e+01 1.000000000000000000e+00
1.424626863127465626e+01 1.000000000000000000e+00
4.477264180531693682e+01 1.000000000000000000e+00
2.998250791208420640e+00 1.000000000000000000e+00
5.164578534260805265e-01 0.000000000000000000e+00
1.708255731870207184e+00 0.000000000000000000e+00
4.898583100513907773e+00 0.000000000000000000e+00
2.710838221116225633e+00 0.000000000000000000e+00
2.326528712084063866e+00 0.000000000000000000e+00
2.464356249308814473e+00 0.000000000000000000e+00
1.123575362772582853e+00 0.000000000000000000e+00
1.053406377864430254e+00 0.000000000000000000e+00
8.738425871685466362e+00 0.000000000000000000e+00
1.164321408875516606e-01 0.000000000000000000e+00
1.068623140721673304e+00 0.000000000000000000e+00
7.703973212499439782e-01 0.000000000000000000e+00
1.121697261868823148e+01 0.000000000000000000e+00
1.110461942379782574e+00 0.000000000000000000e+00
3.580716498087812116e+00 0.000000000000000000e+00
2.431655019169272347e-01 0.000000000000000000e+00
2.867808843058805568e+00 0.000000000000000000e+00
3.364835091731051442e+00 0.000000000000000000e+00
4.917947891546769479e-01 0.000000000000000000e+00
1.518113432565910692e+01 0.000000000000000000e+00
1.471329483295334084e+00 0.000000000000000000e+00
6.546704257571754892e-01 0.000000000000000000e+00
2.216966835342593978e+00 0.000000000000000000e+00
3.704025584751607370e-01 0.000000000000000000e+00
4.900706179649676919e+00 0.000000000000000000e+00
9.628627083999981906e+00 0.000000000000000000e+00
3.196949593349963092e-01 0.000000000000000000e+00
2.508799423131318651e+00 0.000000000000000000e+00
3.434130386337478580e+00 0.000000000000000000e+00
1.598904226423436103e+00 0.000000000000000000e+00
3.153377706182728391e-01 0.000000000000000000e+00
4.022848338301298621e-01 0.000000000000000000e+00
1.560594459331504646e-01 0.000000000000000000e+00
1.445971715810220881e-01 0.000000000000000000e+00
1.912379550056295230e+00 0.000000000000000000e+00
4.687251644504859094e+00 0.000000000000000000e+00
2.815595757812936473e+00 0.000000000000000000e+00
3.577722706564051336e+00 0.000000000000000000e+00
2.757529420286954913e-01 0.000000000000000000e+00
6.946417989541333604e-01 0.000000000000000000e+00
5.622782781889534148e-02 0.000000000000000000e+00
1.842017749696760909e+00 0.000000000000000000e+00
2.838749287844190672e+00 0.000000000000000000e+00
1.580597385615905459e+00 0.000000000000000000e+00
2.588572188084291986e-02 0.000000000000000000e+00
1.879332857653125632e+00 0.000000000000000000e+00
6.335121972922470590e-01 0.000000000000000000e+00
7.021666516222415666e-01 0.000000000000000000e+00
1.071588587946131099e+01 0.000000000000000000e+00
2.531603247712420401e+00 0.000000000000000000e+00
3.229449063332202385e+00 0.000000000000000000e+00
1.570060116296775332e+00 0.000000000000000000e+00
1.625102147892431237e+00 0.000000000000000000e+00
4.382836836938472924e-01 0.000000000000000000e+00
1.553467234608196135e+00 0.000000000000000000e+00
2.971850600086348937e+00 0.000000000000000000e+00
2.521907616707270150e-01 0.000000000000000000e+00
4.389959782866211246e-01 0.000000000000000000e+00
2.684534453017550781e+00 0.000000000000000000e+00
9.073427314288968759e-01 0.000000000000000000e+00
1.457266602002902145e+00 0.000000000000000000e+00
9.544669715876263894e-01 0.000000000000000000e+00
9.998251533402774394e-01 0.000000000000000000e+00
7.365575691086927890e+00 0.000000000000000000e+00
5.668816213544173976e+00 0.000000000000000000e+00
7.219321313243823868e-01 0.000000000000000000e+00
1.835658637443169594e+00 0.000000000000000000e+00
2.089235043258126812e+00 0.000000000000000000e+00
1.451831455839955431e+00 0.000000000000000000e+00
6.208410662576044459e+00 0.000000000000000000e+00
4.396616501546167122e+00 0.000000000000000000e+00
4.609023120513555671e-01 0.000000000000000000e+00
4.314998366468698165e+00 1.000000000000000000e+00
2.355680604888977925e+01 1.000000000000000000e+00
2.547634473467373262e+00 1.000000000000000000e+00
8.500069212946649300e-01 1.000000000000000000e+00
3.942309009234459438e+01 1.000000000000000000e+00
1.316192249625427024e+00 0.000000000000000000e+00
4.558077303202302311e+00 0.000000000000000000e+00
5.503842677883826751e-01 0.000000000000000000e+00
1.691770557841162370e+00 0.000000000000000000e+00
1.216162176055347377e+00 0.000000000000000000e+00
1.659919208782409394e-01 0.000000000000000000e+00
1.344899833314810722e-01 0.000000000000000000e+00
7.997649858895945485e-01 0.000000000000000000e+00
2.731048858855478212e+00 0.000000000000000000e+00
9.383636232078096384e-02 0.000000000000000000e+00
3.963755571715496195e+00 0.000000000000000000e+00
2.330683411551771833e+00 0.000000000000000000e+00
2.937889620288992365e+00 0.000000000000000000e+00
2.048254319003950830e+00 0.000000000000000000e+00
3.093802669619649670e+00 0.000000000000000000e+00
2.508948226361991107e-01 0.000000000000000000e+00
1.610446851578437588e-01 0.000000000000000000e+00
4.960929029635830823e+00 0.000000000000000000e+00
2.988459512595905476e+00 0.000000000000000000e+00
3.988048109980775746e-01 0.000000000000000000e+00
2.639611081582198815e-01 0.000000000000000000e+00
4.338878421878398228e-01 0.000000000000000000e+00
5.375461255494602408e-01 0.000000000000000000e+00
7.613009153333489820e-01 0.000000000000000000e+00
2.647867425661989849e+00 0.000000000000000000e+00
9.495778004683477769e-02 0.000000000000000000e+00
2.280003826354616958e+00 0.000000000000000000e+00
3.085108438291988553e-01 0.000000000000000000e+00
4.270202429704049174e-01 0.000000000000000000e+00
4.451796115762170492e-01 0.000000000000000000e+00
4.174604509706172806e+00 0.000000000000000000e+00
7.157292844120470399e+00 0.000000000000000000e+00
5.372092185616849508e-02 0.000000000000000000e+00
1.247437193328553739e+00 0.000000000000000000e+00
1.849312953647538560e+00 0.000000000000000000e+00
1.847517794997256768e+00 0.000000000000000000e+00
6.339893040684903003e-01 0.000000000000000000e+00
1.341687218011412108e+00 0.000000000000000000e+00
3.756840345452677532e+00 0.000000000000000000e+00
1.003206976628434610e+00 0.000000000000000000e+00
1.226975138403785026e+00 0.000000000000000000e+00
2.332613314816010863e+00 0.000000000000000000e+00
1.762961660878440417e+00 0.000000000000000000e+00
1.560163210132036626e+00 0.000000000000000000e+00
1.811208805815219147e+00 0.000000000000000000e+00
5.808898348871412765e+00 0.000000000000000000e+00
4.309911877454263518e+00 0.000000000000000000e+00
2.779113337430801689e+00 0.000000000000000000e+00
3.355767819747994540e+00 0.000000000000000000e+00
3.510077401340507386e+00 0.000000000000000000e+00
3.559074394540779007e+00 0.000000000000000000e+00
1.089674376256760002e+00 0.000000000000000000e+00
1.484750303253464576e+00 0.000000000000000000e+00
2.362115120638496268e+00 0.000000000000000000e+00
1.284258393491680472e+00 0.000000000000000000e+00
1.723407584688218530e-01 0.000000000000000000e+00
4.672591400564962139e-01 0.000000000000000000e+00
1.287172320843892104e+00 0.000000000000000000e+00
2.067142819917118790e-01 0.000000000000000000e+00
1.405904564698595260e+00 0.000000000000000000e+00
9.537392754672235906e-01 0.000000000000000000e+00
2.905558373046889242e-01 0.000000000000000000e+00
3.633119921730799007e+00 0.000000000000000000e+00
1.974007627735949510e+00 0.000000000000000000e+00
2.247953818183046071e+00 0.000000000000000000e+00
3.018776634037638740e+00 0.000000000000000000e+00
7.218074678535123523e-01 0.000000000000000000e+00
5.474655932029308225e+00 0.000000000000000000e+00
4.045706279081049850e+00 0.000000000000000000e+00
5.610336612254160471e+00 0.000000000000000000e+00
5.378129315940346489e-01 0.000000000000000000e+00
9.232190224336218609e-01 0.000000000000000000e+00
2.152156162692673735e+00 0.000000000000000000e+00
5.592323877222789896e+00 0.000000000000000000e+00
7.391625139676048839e+00 0.000000000000000000e+00
1.024317273625739233e+01 0.000000000000000000e+00
1.278072027121098131e+00 0.000000000000000000e+00
1.160044458232300890e+01 0.000000000000000000e+00
2.625969073358689343e+00 0.000000000000000000e+00
4.138463457324819572e+00 0.000000000000000000e+00
1.789553509664095898e+01 0.000000000000000000e+00
2.319379278757833340e+00 0.000000000000000000e+00
2.812261344524195628e-01 0.000000000000000000e+00
6.385911397135056733e-01 0.000000000000000000e+00
8.173271453174787982e-02 0.000000000000000000e+00
2.018025893874418486e+01 0.000000000000000000e+00
7.389820599963015546e+00 0.000000000000000000e+00
2.942101704521858707e+00 0.000000000000000000e+00
1.406573546525717422e+00 0.000000000000000000e+00
2.686232759355489996e+00 0.000000000000000000e+00
8.848944570904918039e-02 0.000000000000000000e+00
3.009015113128922447e+00 0.000000000000000000e+00
3.090890409275467654e+00 0.000000000000000000e+00
3.451238014907610729e+00 0.000000000000000000e+00
5.894165840271522683e+00 0.000000000000000000e+00
7.798195757108127291e-01 0.000000000000000000e+00
4.285373029812812540e+00 0.000000000000000000e+00
8.415898829259784719e+00 0.000000000000000000e+00
2.119593225472637066e+00 0.000000000000000000e+00
7.724475041285275845e-01 0.000000000000000000e+00
5.220868517865359770e+00 0.000000000000000000e+00
2.817901970655906307e+00 0.000000000000000000e+00
3.360635401774401565e+00 0.000000000000000000e+00
2.011143194094218600e+00 0.000000000000000000e+00
6.327909921608582344e+00 0.000000000000000000e+00
3.405645942403963122e+00 0.000000000000000000e+00
1.022540396403534224e+00 0.000000000000000000e+00
2.340283767929814407e-01 0.000000000000000000e+00
4.495313294950343597e+00 0.000000000000000000e+00
2.338252952737851942e+00 0.000000000000000000e+00
3.412551732905826363e+00 0.000000000000000000e+00
1.879687058268209920e+00 0.000000000000000000e+00
2.152870926109202165e-01 0.000000000000000000e+00
1.890863515792477134e+00 0.000000000000000000e+00
5.080718088512176100e-01 0.000000000000000000e+00
3.334529538242837710e+00 0.000000000000000000e+00
6.149699780362119839e+00 1.000000000000000000e+00
7.339655750019417724e+00 1.000000000000000000e+00
2.191535370855852705e+01 1.000000000000000000e+00
2.899417934450154277e+01 1.000000000000000000e+00
4.557529105584561790e+01 1.000000000000000000e+00
5.221046203900782778e+00 0.000000000000000000e+00
9.173187468719579130e+00 0.000000000000000000e+00
5.264253447905369754e+00 0.000000000000000000e+00
4.823048850586638459e+00 0.000000000000000000e+00
1.820413089843321064e+00 0.000000000000000000e+00
6.828296737806587302e+00 0.000000000000000000e+00
4.147920088410407047e+00 0.000000000000000000e+00
1.929914229926368074e+00 0.000000000000000000e+00
1.870393691128588110e+00 0.000000000000000000e+00
6.150329919749076835e-01 0.000000000000000000e+00
2.694572328679146755e-01 0.000000000000000000e+00
3.040794064354261916e+00 0.000000000000000000e+00
2.161363943528562093e+00 0.000000000000000000e+00
3.977601514707766128e+00 0.000000000000000000e+00
3.707284959430250826e+00 0.000000000000000000e+00
8.370298862489860880e+00 0.000000000000000000e+00
4.025910569114763859e+00 0.000000000000000000e+00
2.476850954740910660e-01 0.000000000000000000e+00
5.953256887835442157e+00 0.000000000000000000e+00
1.223016291387963417e+00 0.000000000000000000e+00
6.587229850362670724e+00 0.000000000000000000e+00
1.250034816528613257e+00 0.000000000000000000e+00
6.850680542662426209e-01 0.000000000000000000e+00
9.287572284477356443e-02 0.000000000000000000e+00
6.199739596342871195e+00 0.000000000000000000e+00
1.831358289673977735e-01 0.000000000000000000e+00
2.634436154537211028e+00 0.000000000000000000e+00
1.479566993511429729e+00 0.000000000000000000e+00
2.264138041277643509e+00 0.000000000000000000e+00
3.010461088116754613e+00 0.000000000000000000e+00
4.586601153131827147e+00 0.000000000000000000e+00
2.450109994186582707e+00 0.000000000000000000e+00
5.037399824222392297e+00 0.000000000000000000e+00
7.921236656466124515e+00 0.000000000000000000e+00
5.499813077732479627e+00 0.000000000000000000e+00
1.249381244860101603e+00 0.000000000000000000e+00
4.410867414306781642e-01 0.000000000000000000e+00
1.903809666018072999e+00 0.000000000000000000e+00
2.408800947474832199e+00 0.000000000000000000e+00
8.518368353681729843e+00 0.000000000000000000e+00
1.067957688920628812e+01 0.000000000000000000e+00
2.696216256697651747e+00 0.000000000000000000e+00
4.394357504637292244e+00 0.000000000000000000e+00
1.485429207175867283e+01 0.000000000000000000e+00
7.441041904527903594e-02 0.000000000000000000e+00
4.795893684074351571e-01 0.000000000000000000e+00
1.062974193989768001e-01 0.000000000000000000e+00
1.372205418297008706e+00 0.000000000000000000e+00
3.631878091486480109e+00 0.000000000000000000e+00
7.576038778838939391e-01 0.000000000000000000e+00
7.779239235970020871e+00 0.000000000000000000e+00
1.696174107153455957e+00 0.000000000000000000e+00
1.558187194183269231e+00 0.000000000000000000e+00
1.214517900281662649e-01 0.000000000000000000e+00
2.165668480758126346e+00 0.000000000000000000e+00
2.041948787219105554e+00 0.000000000000000000e+00
4.686034943855193369e+00 0.000000000000000000e+00
1.019487870569694188e+01 0.000000000000000000e+00
1.013790880114219206e+01 0.000000000000000000e+00
8.413491944772171216e-01 0.000000000000000000e+00
4.081860775149827036e-01 0.000000000000000000e+00
1.818425992600189112e+00 0.000000000000000000e+00
2.764492096228046591e+00 0.000000000000000000e+00
6.649564251702601014e-01 0.000000000000000000e+00
3.541324576157319104e+00 0.000000000000000000e+00
9.134528753443353633e-02 0.000000000000000000e+00
1.324928990514524729e+00 0.000000000000000000e+00
1.283268074294548633e+01 0.000000000000000000e+00
3.542249334129613292e+00 0.000000000000000000e+00
5.273988250631913566e-01 0.000000000000000000e+00
2.672585102446921601e-01 0.000000000000000000e+00
2.008032120541180632e+00 0.000000000000000000e+00
8.724815248176798210e-01 0.000000000000000000e+00
5.813565071610837798e-01 0.000000000000000000e+00
1.464952402159077627e+00 0.000000000000000000e+00
9.426929033274669578e+00 0.000000000000000000e+00
2.002936226087787652e+00 0.000000000000000000e+00
4.164696973783604150e+00 0.000000000000000000e+00
2.240445641087215112e+00 0.000000000000000000e+00
1.492627138684512911e+00 0.000000000000000000e+00
1.890582553049937165e+00 0.000000000000000000e+00
2.939557995592839035e+00 0.000000000000000000e+00
4.276822261453828489e+00 0.000000000000000000e+00
9.773902963776534003e-01 0.000000000000000000e+00
2.617651180893795781e-01 0.000000000000000000e+00
3.281216097133977438e+00 0.000000000000000000e+00
3.821263224425186067e+00 0.000000000000000000e+00
4.572774303926018469e+00 0.000000000000000000e+00
2.199537947201513521e+00 0.000000000000000000e+00
3.311245509091715888e-01 0.000000000000000000e+00
4.656706314252464507e-01 0.000000000000000000e+00
6.621152523693484282e-01 0.000000000000000000e+00
3.141796774258489577e+00 0.000000000000000000e+00
7.730057107497879443e+00 0.000000000000000000e+00
3.036551541863734993e+00 0.000000000000000000e+00
4.230469611517381878e+00 0.000000000000000000e+00
1.645688955223175487e+00 0.000000000000000000e+00
2.580792434790474488e+00 0.000000000000000000e+00
2.019285369208811964e+00 0.000000000000000000e+00
5.167194948250268816e-01 0.000000000000000000e+00
1.997851759683821227e+00 0.000000000000000000e+00
1.842123708519077585e+00 0.000000000000000000e+00
2.679438294491356398e-01 0.000000000000000000e+00
5.302923841026992768e+00 0.000000000000000000e+00
4.081050845577681052e+00 0.000000000000000000e+00
8.578469450456188694e-01 0.000000000000000000e+00
1.835619362704808522e+00 0.000000000000000000e+00
9.857740410847125601e-01 0.000000000000000000e+00
9.581247620357482564e-01 0.000000000000000000e+00
6.186637638671883543e-01 0.000000000000000000e+00
2.362338934626315279e+00 1.000000000000000000e+00
3.373709268953022899e+01 1.000000000000000000e+00
2.385907814205408783e+01 1.000000000000000000e+00
4.819435190598989749e+01 1.000000000000000000e+00
1.734163361534785963e+01 1.000000000000000000e+00
4.912875275525026453e+00 0.000000000000000000e+00
6.972956343757534814e-01 0.000000000000000000e+00
5.802517295486184778e+00 0.000000000000000000e+00
2.972855231159236000e-01 0.000000000000000000e+00
3.335781001641865640e+00 0.000000000000000000e+00
2.479967293959536523e+00 0.000000000000000000e+00
2.297967742940269176e+00 0.000000000000000000e+00
4.383042543293286464e+00 0.000000000000000000e+00
1.025717069262698233e+00 0.000000000000000000e+00
4.839979734748345308e-01 0.000000000000000000e+00
9.233055215834014007e+00 0.000000000000000000e+00
2.154132639768349566e+00 0.000000000000000000e+00
3.524267320292773231e+00 0.000000000000000000e+00
1.230685794861193644e-01 0.000000000000000000e+00
1.030864968287076966e+00 0.000000000000000000e+00
1.487661815873580595e+00 0.000000000000000000e+00
4.223049349216687176e+00 0.000000000000000000e+00
2.712766318349499439e+00 0.000000000000000000e+00
2.746868819794625605e+00 0.000000000000000000e+00
4.731578258484704369e-01 0.000000000000000000e+00
3.865743908634515336e+00 0.000000000000000000e+00
5.884440006503296239e+00 0.000000000000000000e+00
2.807454959874700617e-01 0.000000000000000000e+00
6.087276736310718306e+00 0.000000000000000000e+00
3.479549238263937916e+00 0.000000000000000000e+00
3.752694770759342546e+00 0.000000000000000000e+00
3.154793992667196179e+00 0.000000000000000000e+00
1.945194463638551419e+00 0.000000000000000000e+00
2.244573164381925556e-01 0.000000000000000000e+00
3.694562211984262490e-01 0.000000000000000000e+00
4.572987270826874173e+00 0.000000000000000000e+00
3.446916059675793620e-01 0.000000000000000000e+00
9.803709888632585745e-01 0.000000000000000000e+00
2.747926733813572220e+00 0.000000000000000000e+00
1.870175520801476310e+00 0.000000000000000000e+00
6.207780493768366270e+00 0.000000000000000000e+00
2.633297432079620748e+00 0.000000000000000000e+00
1.132129249968486739e+00 0.000000000000000000e+00
5.887094314027629949e+00 0.000000000000000000e+00
6.928712563720444528e+00 0.000000000000000000e+00
9.403484413322684698e-01 0.000000000000000000e+00
9.884708258436465389e-01 0.000000000000000000e+00
1.714663497771085898e-01 0.000000000000000000e+00
1.519835401488566884e+00 0.000000000000000000e+00
3.993011527650126347e+00 0.000000000000000000e+00
4.423885773931097720e-01 0.000000000000000000e+00
1.498209305339651687e+00 0.000000000000000000e+00
4.383590460879334927e+01 1.000000000000000000e+00
4.027019480096750703e-01 0.000000000000000000e+00
6.815917974589240202e+00 0.000000000000000000e+00
3.372675385619053667e+00 0.000000000000000000e+00
1.672229797285721409e+00 0.000000000000000000e+00
6.161412186787695866e-01 0.000000000000000000e+00
8.601755787311132773e-02 0.000000000000000000e+00
2.001670301379737449e+00 0.000000000000000000e+00
1.335150175036171172e+00 0.000000000000000000e+00
2.659532337932396295e+00 0.000000000000000000e+00
2.125518661680524168e+00 0.000000000000000000e+00
4.079554217687599849e-01 0.000000000000000000e+00
1.898451671021054166e+00 0.000000000000000000e+00
5.267191038248527413e+00 0.000000000000000000e+00
5.788965083717996229e-01 0.000000000000000000e+00
2.470928371340304519e+00 0.000000000000000000e+00
5.734370770654086957e-01 0.000000000000000000e+00
1.771481784752983346e+00 0.000000000000000000e+00
6.475301951364706987e-01 0.000000000000000000e+00
1.061552270441102452e+00 0.000000000000000000e+00
1.466119259715792822e+00 0.000000000000000000e+00
4.421123328050175494e-01 0.000000000000000000e+00
7.311709446667736811e-01 0.000000000000000000e+00
2.343697489815929735e+00 0.000000000000000000e+00
2.322024689616854598e+00 0.000000000000000000e+00
3.418375162540981194e+01 1.000000000000000000e+00
1.481016382462155168e+00 0.000000000000000000e+00
8.280634969410478163e+00 0.000000000000000000e+00
1.164980224537073505e+00 0.000000000000000000e+00
8.042862066928672116e-01 0.000000000000000000e+00
1.427056839069406613e-01 0.000000000000000000e+00
1.192450524390811367e-01 0.000000000000000000e+00
7.968423525177219524e-01 0.000000000000000000e+00
6.565744677551704767e-01 0.000000000000000000e+00
8.409387976925557506e-01 0.000000000000000000e+00
4.286687903055905302e+00 0.000000000000000000e+00
6.399219972693694913e+00 0.000000000000000000e+00
1.305944339825682476e+00 0.000000000000000000e+00
6.476355547218414221e-01 0.000000000000000000e+00
1.631240483101055183e+00 0.000000000000000000e+00
1.217563105225486497e+00 0.000000000000000000e+00
6.825752653998399921e+00 0.000000000000000000e+00
1.449754908650889296e-01 0.000000000000000000e+00
8.920993312548676002e+00 0.000000000000000000e+00
3.331580064520766049e-01 0.000000000000000000e+00
3.047608045434630153e+00 0.000000000000000000e+00
2.745733259561019768e+00 0.000000000000000000e+00
5.833801179061906872e+00 0.000000000000000000e+00
2.254583878473300995e+00 0.000000000000000000e+00
7.830958048918083836e-02 0.000000000000000000e+00
9.748310353535419859e-01 0.000000000000000000e+00
4.186306066912160451e-01 0.000000000000000000e+00
3.107316072236245397e+00 0.000000000000000000e+00
8.630141578637541555e-02 0.000000000000000000e+00
2.838318544474034866e+00 0.000000000000000000e+00
1.054967165042554278e+00 0.000000000000000000e+00
3.861327502642778242e+00 0.000000000000000000e+00
1.660963066957837908e+00 0.000000000000000000e+00
1.882268949212139386e+00 0.000000000000000000e+00
1.187242367320805458e+00 0.000000000000000000e+00
1.583850584539925554e+00 0.000000000000000000e+00
7.240023812695608463e-01 0.000000000000000000e+00
8.620061893193777802e-01 0.000000000000000000e+00
4.924739444366699637e+00 0.000000000000000000e+00
3.642794364986031486e+00 0.000000000000000000e+00
1.666672774021747960e+00 0.000000000000000000e+00
1.872633911938169193e+00 0.000000000000000000e+00
2.966385030817105584e+00 0.000000000000000000e+00
7.190478189575721935e-02 0.000000000000000000e+00
1.658549584985498093e+00 0.000000000000000000e+00
1.954682117444125122e+00 0.000000000000000000e+00
6.945967842492807520e+00 0.000000000000000000e+00
1.188193111366699029e+00 0.000000000000000000e+00
1.460687951966781251e+00 0.000000000000000000e+00
8.698677369427558759e-01 0.000000000000000000e+00
2.984766899230421267e+00 0.000000000000000000e+00
6.790971619043689067e+00 0.000000000000000000e+00
9.981995006197434961e+00 0.000000000000000000e+00
8.139571923813455623e-01 0.000000000000000000e+00
4.723819338558788772e+00 0.000000000000000000e+00
9.460880455936003131e+00 0.000000000000000000e+00
2.695239225508857750e+00 0.000000000000000000e+00
1.151003171355504584e+01 0.000000000000000000e+00
4.103462648852936323e-01 0.000000000000000000e+00
3.711179436458455605e+00 0.000000000000000000e+00
4.973696703391257579e+00 0.000000000000000000e+00
4.443378415971749873e-01 0.000000000000000000e+00
2.523319314769995048e-01 0.000000000000000000e+00
1.830388261557674312e+00 0.000000000000000000e+00
7.164240713336196720e+00 0.000000000000000000e+00
8.448870912875081074e-02 0.000000000000000000e+00
4.179506966041060423e+00 0.000000000000000000e+00
5.214120321861639873e+00 0.000000000000000000e+00
2.543456189947345791e+00 0.000000000000000000e+00
5.679839166916719195e-01 0.000000000000000000e+00
8.732240984358444535e+00 0.000000000000000000e+00
2.539752935093137154e+00 0.000000000000000000e+00
1.294635664449215184e+00 0.000000000000000000e+00
6.353919649651905033e+00 0.000000000000000000e+00
2.516563431291112818e-01 0.000000000000000000e+00
2.766058306583893067e+00 0.000000000000000000e+00
1.514206307587661504e+00 0.000000000000000000e+00
5.220256560437157134e+00 0.000000000000000000e+00
1.626794370925813138e-01 0.000000000000000000e+00
2.102575865083448736e+00 0.000000000000000000e+00
1.148831623475543795e+00 0.000000000000000000e+00
1.249154439656014581e+00 0.000000000000000000e+00
1.652511561948093011e+00 0.000000000000000000e+00
5.027856222565079136e-01 0.000000000000000000e+00
4.459395603548028074e-03 0.000000000000000000e+00
3.104625395149178679e-01 0.000000000000000000e+00
1.534836486384598020e+00 0.000000000000000000e+00
3.438692897793902858e+00 0.000000000000000000e+00
3.464852583931620211e-01 0.000000000000000000e+00
6.274222442976353342e+00 0.000000000000000000e+00
4.529736109248214682e+00 0.000000000000000000e+00
4.145327584192556314e-01 0.000000000000000000e+00
2.920563433469709036e+00 0.000000000000000000e+00
5.711096968904342930e+00 0.000000000000000000e+00
9.753157856505971779e-01 0.000000000000000000e+00
7.866054962213945290e-01 0.000000000000000000e+00
5.823258805434164964e-01 0.000000000000000000e+00
5.775606502424702748e-01 0.000000000000000000e+00
1.182280625493681514e+00 0.000000000000000000e+00
5.184002318980044377e-01 0.000000000000000000e+00
2.650016645308937990e-01 0.000000000000000000e+00
7.552277095338337798e-01 0.000000000000000000e+00
1.946280542749351028e+00 0.000000000000000000e+00
1.436904866545466231e+00 0.000000000000000000e+00
2.222994291111217269e+00 0.000000000000000000e+00
4.673858668156379848e-01 0.000000000000000000e+00
1.568811270123728230e+00 0.000000000000000000e+00
3.603921551442759608e+00 0.000000000000000000e+00
2.711169662443252193e+00 0.000000000000000000e+00
1.277469778076414597e+00 0.000000000000000000e+00
5.839067612086534353e+00 0.000000000000000000e+00
6.960336572760056351e-01 0.000000000000000000e+00
1.220069280720019078e+00 0.000000000000000000e+00
9.241679678279000498e+00 0.000000000000000000e+00
4.892442215640445902e+00 0.000000000000000000e+00
1.713953753366304511e+00 0.000000000000000000e+00
6.287280138308532607e+00 0.000000000000000000e+00
2.672024479997852087e+00 0.000000000000000000e+00
7.384560141669219702e-01 0.000000000000000000e+00
3.621079192157095061e+00 0.000000000000000000e+00
2.054608842507074762e+00 0.000000000000000000e+00
2.442227601763370171e+00 0.000000000000000000e+00
3.633777490793635989e-01 0.000000000000000000e+00
5.343346739548074931e-01 0.000000000000000000e+00
4.179506611197516541e+00 0.000000000000000000e+00
4.783760762422518908e+00 0.000000000000000000e+00
1.789770325789417971e+00 0.000000000000000000e+00
8.732765728544462924e-02 0.000000000000000000e+00
1.277395738383377555e-01 0.000000000000000000e+00
2.083629624048425111e+00 0.000000000000000000e+00
1.806733714246229638e+00 0.000000000000000000e+00
3.277578430400150289e+00 0.000000000000000000e+00
3.403854587555032118e+00 0.000000000000000000e+00
7.414978058520167031e-03 0.000000000000000000e+00
6.906974210357259558e+00 0.000000000000000000e+00
1.212755076708281532e+00 0.000000000000000000e+00
9.554636034382679721e-01 0.000000000000000000e+00
1.271336685700177327e+00 0.000000000000000000e+00
1.930839694219733449e+00 0.000000000000000000e+00
4.047182002736856021e-01 0.000000000000000000e+00
1.182502195776816922e+00 0.000000000000000000e+00
2.467021693588949738e+00 0.000000000000000000e+00
5.599307613245857240e+00 0.000000000000000000e+00
9.613322788153110920e+00 0.000000000000000000e+00
1.168567940025460050e+00 0.000000000000000000e+00
3.830695283308911958e-01 0.000000000000000000e+00
2.603562071284056589e+00 0.000000000000000000e+00
4.396234257372568344e+00 0.000000000000000000e+00
2.364642779789123961e-01 0.000000000000000000e+00
7.170538612807816570e+00 0.000000000000000000e+00
1.537797051409825144e+00 0.000000000000000000e+00
3.489581864114713383e+00 0.000000000000000000e+00
1.242111469428733850e+00 0.000000000000000000e+00
7.081953335604377564e+00 0.000000000000000000e+00
4.508683925197177977e+00 0.000000000000000000e+00
4.643202197020972477e+00 0.000000000000000000e+00
8.635411427057287925e-01 0.000000000000000000e+00
3.071244463276370684e+00 0.000000000000000000e+00
1.673196428637393929e+00 0.000000000000000000e+00
1.368008906131619407e+00 0.000000000000000000e+00
1.318083165104237731e+00 0.000000000000000000e+00
7.181784641989932272e-01 0.000000000000000000e+00
1.078380749814172646e+00 0.000000000000000000e+00
1.023667872640844134e+00 0.000000000000000000e+00
2.744426958778102832e-01 0.000000000000000000e+00
2.591022466481370315e-02 0.000000000000000000e+00
1.333182615341504285e+00 0.000000000000000000e+00
2.030241802652397176e+00 0.000000000000000000e+00
6.845652062114567116e+00 0.000000000000000000e+00
4.416363995398536524e+00 0.000000000000000000e+00
5.017480477404450134e+00 0.000000000000000000e+00
1.778112516309634294e+00 0.000000000000000000e+00
4.410849850068980227e-01 0.000000000000000000e+00
4.732230970693619976e-01 0.000000000000000000e+00
7.383544468238576464e+00 0.000000000000000000e+00
1.301281860845506122e+00 0.000000000000000000e+00
8.941237790806226826e-01 0.000000000000000000e+00
2.156736263862035763e+00 0.000000000000000000e+00
2.616918793361055595e+00 0.000000000000000000e+00
3.029627835605751329e+00 0.000000000000000000e+00
1.302941510736522979e+00 0.000000000000000000e+00
5.678519636070809007e-01 0.000000000000000000e+00
9.599295589159611009e-01 0.000000000000000000e+00
4.034761512475237843e+00 0.000000000000000000e+00
3.753931410102928190e+00 0.000000000000000000e+00
1.530830329389469835e+00 0.000000000000000000e+00
1.236609164235163094e+00 0.000000000000000000e+00
1.123512611383796234e+01 0.000000000000000000e+00
5.300507845643705807e+00 0.000000000000000000e+00
2.441829965801220470e-01 0.000000000000000000e+00
5.413516704985186223e+00 0.000000000000000000e+00
2.523323724517914535e+00 0.000000000000000000e+00
1.723260653846306223e+00 0.000000000000000000e+00
9.662525908183932088e+00 0.000000000000000000e+00
4.346915260055035368e+00 0.000000000000000000e+00
6.801470110310486206e+00 0.000000000000000000e+00
2.929419366400895086e+01 1.000000000000000000e+00
4.931162920960558971e+00 0.000000000000000000e+00
1.049278651388254779e+01 0.000000000000000000e+00
1.207513539776851941e+00 0.000000000000000000e+00
4.932127750496502649e+00 0.000000000000000000e+00
7.406978897662392924e+00 0.000000000000000000e+00
4.530166440755534651e+00 0.000000000000000000e+00
1.410771458581533633e+00 0.000000000000000000e+00
4.188413744336319411e+00 0.000000000000000000e+00
1.976838255153858803e-01 0.000000000000000000e+00
1.241889340680624176e+00 0.000000000000000000e+00
2.496506922904733194e+00 0.000000000000000000e+00
8.368180404782854964e+00 0.000000000000000000e+00
5.497271391548781416e+00 0.000000000000000000e+00
1.447784504658548066e+01 0.000000000000000000e+00
1.429419429785896511e+01 0.000000000000000000e+00
2.260348928542762481e-01 0.000000000000000000e+00
2.487742233706940198e-01 0.000000000000000000e+00
2.927227322130497633e+00 0.000000000000000000e+00
6.688168570814773117e-01 0.000000000000000000e+00
7.596830153309205969e+00 0.000000000000000000e+00
5.981950640265368158e+00 0.000000000000000000e+00
7.993315479121672062e+00 0.000000000000000000e+00
7.667854642785264518e-01 0.000000000000000000e+00
1.737420774510889165e+00 0.000000000000000000e+00
3.490609987466113395e+00 0.000000000000000000e+00
1.484596897041353447e+00 0.000000000000000000e+00
3.988306132863293829e+00 0.000000000000000000e+00
2.639678945571059199e+00 0.000000000000000000e+00
4.277354054990336607e-01 0.000000000000000000e+00
3.689901604011182723e+00 0.000000000000000000e+00
1.446622075996224055e+00 0.000000000000000000e+00
3.297797885282956809e+00 0.000000000000000000e+00
1.539627893200047892e-01 0.000000000000000000e+00
9.184735387615906577e-01 0.000000000000000000e+00
8.659351998380321325e-01 0.000000000000000000e+00
2.161999781012914346e-01 0.000000000000000000e+00
3.628543260182762253e+01 1.000000000000000000e+00
3.072011057715150262e+00 1.000000000000000000e+00
2.605966072017413815e-01 1.000000000000000000e+00
5.583966997533443610e+00 1.000000000000000000e+00
1.844545398689474425e+01 1.000000000000000000e+00
2.012982894019736679e-01 0.000000000000000000e+00
1.235334911910903610e+00 0.000000000000000000e+00
1.755379656361942542e-01 0.000000000000000000e+00
1.837132713367617409e+00 0.000000000000000000e+00
4.203816984097616949e-01 0.000000000000000000e+00
3.203579104249161258e-01 0.000000000000000000e+00
2.050070989340653238e+00 0.000000000000000000e+00
2.056255601346079320e+00 0.000000000000000000e+00
4.115780413698418627e+00 0.000000000000000000e+00
2.003616520691955671e-01 0.000000000000000000e+00
5.942362721314225382e+00 0.000000000000000000e+00
6.635823836300291934e-01 0.000000000000000000e+00
1.813516027254794549e+00 0.000000000000000000e+00
4.459309247813364463e-01 0.000000000000000000e+00
2.286047416254238129e+00 0.000000000000000000e+00
3.082512466996009781e+00 0.000000000000000000e+00
2.869289466910994069e+00 0.000000000000000000e+00
1.049741364190199810e+00 0.000000000000000000e+00
1.215622393318688932e+00 0.000000000000000000e+00
2.965701024126478291e+00 0.000000000000000000e+00
1.457038005476692266e+00 0.000000000000000000e+00
1.891004097439538401e-01 0.000000000000000000e+00
9.096052043385782770e-01 0.000000000000000000e+00
2.049238777165902192e+00 0.000000000000000000e+00
2.264081076740527276e+00 0.000000000000000000e+00
1.256239089165147316e-01 0.000000000000000000e+00
6.734052735585840388e+00 0.000000000000000000e+00
1.135359112928480796e+00 0.000000000000000000e+00
1.264289451304203560e+00 0.000000000000000000e+00
6.749929358389969991e-01 0.000000000000000000e+00
3.211081209672992820e+00 0.000000000000000000e+00
1.099123066264322990e+00 0.000000000000000000e+00
4.102978628503964664e+00 0.000000000000000000e+00
5.905943960255036984e+00 0.000000000000000000e+00
6.688093725200778827e-01 0.000000000000000000e+00
1.058195496045796213e+00 0.000000000000000000e+00
4.980891612728209350e-01 0.000000000000000000e+00
7.135358315060111423e+00 0.000000000000000000e+00
2.262433033948176853e-01 0.000000000000000000e+00
2.746321059726369640e+00 0.000000000000000000e+00
4.488267755427478356e+00 0.000000000000000000e+00
1.482551688798795286e+00 0.000000000000000000e+00
1.815150205145130924e+00 0.000000000000000000e+00
1.698521754042251697e+00 0.000000000000000000e+00
3.772682311229658580e+00 0.000000000000000000e+00
4.764514520199349512e+00 0.000000000000000000e+00
5.761401823335389472e-02 0.000000000000000000e+00
1.696088057044144559e+00 1.000000000000000000e+00
1.885842285850185540e+00 0.000000000000000000e+00
5.525847802621226990e+00 0.000000000000000000e+00
1.287751311034154522e+00 0.000000000000000000e+00
3.367911569375265479e+00 0.000000000000000000e+00
1.699517277344450461e+00 0.000000000000000000e+00
2.790003748241129511e+00 0.000000000000000000e+00
2.460721406178474624e-02 0.000000000000000000e+00
2.191113006109309147e+00 0.000000000000000000e+00
4.638659720317880542e+00 0.000000000000000000e+00
1.106224404159342978e+00 0.000000000000000000e+00
1.018493687584346441e+00 0.000000000000000000e+00
5.594904407657448786e+00 0.000000000000000000e+00
3.199728206018126464e+00 0.000000000000000000e+00
1.056965096387241232e+00 0.000000000000000000e+00
1.121528551606784108e+00 0.000000000000000000e+00
6.531992818409568802e-01 0.000000000000000000e+00
3.381036755996790877e+00 0.000000000000000000e+00
2.179001956038405297e+00 0.000000000000000000e+00
1.150444180261266780e+01 0.000000000000000000e+00
2.202207108035223015e+00 0.000000000000000000e+00
4.772298205224290157e+00 0.000000000000000000e+00
8.371695354971922853e+00 0.000000000000000000e+00
1.066912858613748938e+01 0.000000000000000000e+00
1.477724037534157597e+00 0.000000000000000000e+00
9.516081167690776610e+00 0.000000000000000000e+00
3.093614594592993261e-01 0.000000000000000000e+00
4.887048101659225985e-01 0.000000000000000000e+00
3.777942766434146948e-01 0.000000000000000000e+00
1.176185322117628829e+00 0.000000000000000000e+00
7.520862133462179244e+00 0.000000000000000000e+00
5.062371569839941188e+00 0.000000000000000000e+00
2.952710160628181146e+00 0.000000000000000000e+00
8.993119578161660188e-01 0.000000000000000000e+00
3.107478252788318684e+00 0.000000000000000000e+00
2.547420863981687766e+00 0.000000000000000000e+00
7.617506373642633777e-02 0.000000000000000000e+00
6.337129295326462408e-01 0.000000000000000000e+00
3.682979349865893148e+00 0.000000000000000000e+00
1.202654655876538303e+00 0.000000000000000000e+00
2.245888100991891290e-01 0.000000000000000000e+00
2.679864940138880325e+00 0.000000000000000000e+00
1.512713948441762435e+00 0.000000000000000000e+00
1.682032842815998352e-01 0.000000000000000000e+00
2.485914092732119385e-01 0.000000000000000000e+00
1.116933465597298003e+01 0.000000000000000000e+00
5.983773275147424853e-01 0.000000000000000000e+00
1.676124046638122422e+00 0.000000000000000000e+00
1.739424055957524251e+00 0.000000000000000000e+00
1.690533258448055065e+01 0.000000000000000000e+00
1.791404072370569311e-01 0.000000000000000000e+00
1.590432370646741367e+00 0.000000000000000000e+00
5.169492259880732021e+00 0.000000000000000000e+00
8.217965372100648480e+00 0.000000000000000000e+00
1.315413773064116887e+00 0.000000000000000000e+00
2.078627799130340070e-01 0.000000000000000000e+00
1.171261689543205531e+00 0.000000000000000000e+00
8.554879461243841687e-01 0.000000000000000000e+00
3.251472991592972317e+00 0.000000000000000000e+00
7.965649442813605319e+00 0.000000000000000000e+00
3.659780574662816477e-01 0.000000000000000000e+00
2.690769930307406632e+00 0.000000000000000000e+00
1.888291760865035585e+00 0.000000000000000000e+00
8.096205312822750244e+00 0.000000000000000000e+00
1.005050300333767410e+00 0.000000000000000000e+00
4.145036956050253352e+00 0.000000000000000000e+00
2.375957606742935990e+00 0.000000000000000000e+00
1.588960337062303441e-01 0.000000000000000000e+00
2.397790669742869696e+00 0.000000000000000000e+00
6.395962817242533127e-01 0.000000000000000000e+00
6.508163107834338490e+00 0.000000000000000000e+00
4.326124141124102485e-01 0.000000000000000000e+00
9.391779686732110832e+00 0.000000000000000000e+00
5.287138644238056351e+00 0.000000000000000000e+00
7.052718087864541019e+00 0.000000000000000000e+00
1.152172051801627073e-01 0.000000000000000000e+00
8.339287254328571208e-01 0.000000000000000000e+00
1.984388664082614051e+00 0.000000000000000000e+00
1.182067534214127358e+00 0.000000000000000000e+00
4.396280990654203968e+00 0.000000000000000000e+00
4.346884371854281781e+00 0.000000000000000000e+00
6.656110890598179175e-01 0.000000000000000000e+00
6.141100003557879106e+00 0.000000000000000000e+00
2.040262199505470164e+00 0.000000000000000000e+00
1.696611443155627397e+00 0.000000000000000000e+00
3.594391681647354453e+00 0.000000000000000000e+00
7.787887926149856810e-01 0.000000000000000000e+00
2.792595295672362976e+00 0.000000000000000000e+00
3.715830087276469906e-01 0.000000000000000000e+00
7.305813314314198337e+00 0.000000000000000000e+00
4.148077411575945561e+00 0.000000000000000000e+00
2.706766847636705720e+00 0.000000000000000000e+00
1.108543982766806435e-01 0.000000000000000000e+00
1.587962506220851555e+00 0.000000000000000000e+00
2.040521116848643124e-01 0.000000000000000000e+00
3.918897827930948985e+00 0.000000000000000000e+00
1.809908498445295777e+00 0.000000000000000000e+00
8.490235584154663950e-01 0.000000000000000000e+00
2.484410229039166196e-01 0.000000000000000000e+00
1.100425011355832439e+01 0.000000000000000000e+00
2.723907143080888105e+00 0.000000000000000000e+00
8.921381583138066063e+00 0.000000000000000000e+00
1.881287633824199945e+00 0.000000000000000000e+00
2.286327308804892711e-01 0.000000000000000000e+00
6.088406497063372669e+00 0.000000000000000000e+00
1.163224216673911071e+00 0.000000000000000000e+00
2.933088479436014140e+00 0.000000000000000000e+00
1.166486370322802113e+00 0.000000000000000000e+00
9.107214481977113252e+00 0.000000000000000000e+00
1.303557584420591997e+00 0.000000000000000000e+00
8.118435815020179636e-01 0.000000000000000000e+00
1.475420864946921373e-01 0.000000000000000000e+00
2.661257296410133755e+00 0.000000000000000000e+00
1.628931317219811659e+00 0.000000000000000000e+00
1.490792435312838116e+00 0.000000000000000000e+00
1.139086506332469773e+00 0.000000000000000000e+00
1.664405229353040028e+00 0.000000000000000000e+00
1.403844451701742324e-01 0.000000000000000000e+00
3.505782893777045772e-01 0.000000000000000000e+00
3.570473554586704457e-01 0.000000000000000000e+00
2.991504131293375224e+00 0.000000000000000000e+00
2.399595918426496333e+00 0.000000000000000000e+00
4.143839974355881139e+00 0.000000000000000000e+00
2.174657702786187308e+00 0.000000000000000000e+00
9.157755228808508452e-01 0.000000000000000000e+00
1.627554402061759831e+01 1.000000000000000000e+00
1.710355221398354164e+00 1.000000000000000000e+00
7.563525396481360019e+00 1.000000000000000000e+00
1.071493148624506020e+01 1.000000000000000000e+00
2.215826583066218713e+00 1.000000000000000000e+00
6.246834230816006972e+00 0.000000000000000000e+00
2.556137354853602162e+00 0.000000000000000000e+00
1.964415082369610710e+00 0.000000000000000000e+00
3.388696073920069995e+00 0.000000000000000000e+00
6.801664257576605088e-01 0.000000000000000000e+00
3.483890548405415899e+00 0.000000000000000000e+00
1.151438753680970928e+00 0.000000000000000000e+00
3.174076499939357809e+00 0.000000000000000000e+00
1.058817601165626288e+00 0.000000000000000000e+00
3.811687291358080820e+00 0.000000000000000000e+00
3.415318042129328990e+00 0.000000000000000000e+00
8.248295979305444448e+00 0.000000000000000000e+00
7.485688528813737586e-01 0.000000000000000000e+00
2.131004614054260227e+00 0.000000000000000000e+00
4.133955425964852992e+00 0.000000000000000000e+00
9.260482437798497557e+00 0.000000000000000000e+00
1.342427845747976578e+00 0.000000000000000000e+00
6.287083487662761261e-01 0.000000000000000000e+00
4.868310852832495428e+00 0.000000000000000000e+00
8.183861513310777824e-02 0.000000000000000000e+00
2.907375152056125067e+00 0.000000000000000000e+00
2.665460576316604158e+00 0.000000000000000000e+00
3.251524642562418244e+00 0.000000000000000000e+00
2.383092818303877980e+00 0.000000000000000000e+00
5.190237012769356895e+00 0.000000000000000000e+00
4.542327259408933671e-01 0.000000000000000000e+00
2.239975646458717495e+00 0.000000000000000000e+00
1.058317189763102029e+01 0.000000000000000000e+00
6.939428953375541553e-01 0.000000000000000000e+00
5.705371622395158937e+00 0.000000000000000000e+00
4.000786193547338776e+00 0.000000000000000000e+00
2.667066191218746329e+00 0.000000000000000000e+00
6.349356290110746315e+00 0.000000000000000000e+00
1.337601177661034146e-01 0.000000000000000000e+00
1.272637269948699634e+00 0.000000000000000000e+00
7.593481318504896826e+00 0.000000000000000000e+00
7.924791813401827589e+00 0.000000000000000000e+00
1.932496870579316184e+00 0.000000000000000000e+00
3.573148569185910506e-01 0.000000000000000000e+00
1.851064275957065242e+00 0.000000000000000000e+00
2.114975182877013360e+00 0.000000000000000000e+00
6.124328659143776221e+00 0.000000000000000000e+00
1.693601572859762650e+00 0.000000000000000000e+00
1.216213729594172177e-01 0.000000000000000000e+00
1.838720470549121799e+00 0.000000000000000000e+00
2.912541253793655693e-01 0.000000000000000000e+00
3.686420893627629258e+00 0.000000000000000000e+00
1.335143381924129846e+00 0.000000000000000000e+00
4.033896268774581628e+00 0.000000000000000000e+00
1.250534723629105616e-01 0.000000000000000000e+00
3.946099245781343745e-01 0.000000000000000000e+00
9.892692652795805897e-01 0.000000000000000000e+00
4.173066405276617985e+00 0.000000000000000000e+00
4.527480792982852442e+00 0.000000000000000000e+00
1.303878442504685431e+00 0.000000000000000000e+00
3.440018262561104767e-01 0.000000000000000000e+00
3.989527131961729256e-01 0.000000000000000000e+00
1.538696087016804714e+00 0.000000000000000000e+00
1.489559495426912461e+00 0.000000000000000000e+00
5.505641537924783613e-01 0.000000000000000000e+00
3.169528989597785174e+00 0.000000000000000000e+00
6.812118569603655693e+00 0.000000000000000000e+00
2.946944064058205637e+00 0.000000000000000000e+00
1.069065999911096476e+01 0.000000000000000000e+00
3.496861352725323613e+00 0.000000000000000000e+00
8.740040203038642597e-01 0.000000000000000000e+00
4.336845209681675639e-01 0.000000000000000000e+00
1.521992022456151838e+00 0.000000000000000000e+00
3.238223355350823951e+00 0.000000000000000000e+00
6.119322944744219894e-01 0.000000000000000000e+00
4.462446541870603856e-01 0.000000000000000000e+00
3.999385457876863725e+00 0.000000000000000000e+00
4.952999544433774659e+00 0.000000000000000000e+00
4.738148203998989727e-01 0.000000000000000000e+00
3.726279923489212109e+00 0.000000000000000000e+00
9.373865203130073986e-01 0.000000000000000000e+00
6.273999211191146230e+00 0.000000000000000000e+00
2.185745770343470173e+00 0.000000000000000000e+00
5.069926517934620236e+00 0.000000000000000000e+00
8.040484516279757798e-01 0.000000000000000000e+00
2.838113054057803453e+00 0.000000000000000000e+00
1.422951970351748585e+00 0.000000000000000000e+00
2.513082760121019277e+00 0.000000000000000000e+00
4.677148249728786844e+00 0.000000000000000000e+00
8.724592039662446563e-01 0.000000000000000000e+00
3.858206318486028685e+00 0.000000000000000000e+00
1.308871254934919515e+00 0.000000000000000000e+00
1.380083916415031919e-01 0.000000000000000000e+00
4.719940222602235558e+00 0.000000000000000000e+00
2.143458424817852245e-02 0.000000000000000000e+00
3.563302788023639867e+00 0.000000000000000000e+00
5.516568461340424001e+00 0.000000000000000000e+00
7.482026654117741593e-01 0.000000000000000000e+00
2.564900716426151028e+00 0.000000000000000000e+00
3.663055633913304021e+00 0.000000000000000000e+00
6.447519948704072412e-01 0.000000000000000000e+00
2.482685322588660704e+00 0.000000000000000000e+00
1.183214639880501240e+00 0.000000000000000000e+00
3.491121840424640799e-02 0.000000000000000000e+00
4.151626939777219860e-02 0.000000000000000000e+00
1.364299142628061512e+00 0.000000000000000000e+00
8.647803680999177622e-01 0.000000000000000000e+00
2.298576391898286886e+00 0.000000000000000000e+00
4.570283642356403608e-01 0.000000000000000000e+00
6.605238589354114342e-01 0.000000000000000000e+00
5.901923291668770943e+00 0.000000000000000000e+00
4.493729835421856889e-01 0.000000000000000000e+00
2.612083719437783280e-01 0.000000000000000000e+00
4.383118460352840806e+00 0.000000000000000000e+00
1.739170733435879912e+00 0.000000000000000000e+00
4.080976297436601286e+00 0.000000000000000000e+00
1.200645711469049859e+00 0.000000000000000000e+00
1.399326558996676351e+00 0.000000000000000000e+00
1.274126853782199253e+00 0.000000000000000000e+00
2.397251536274848771e+00 0.000000000000000000e+00
4.340848681702247913e-01 0.000000000000000000e+00
9.426845543978505937e-01 0.000000000000000000e+00
1.711621696342325791e-02 0.000000000000000000e+00
2.135751306793690851e+00 0.000000000000000000e+00
4.379446115291300679e+00 0.000000000000000000e+00
3.628485165098495724e+00 0.000000000000000000e+00
1.774277801314171565e+00 0.000000000000000000e+00
1.655387626789699862e+00 0.000000000000000000e+00
7.975326462724100507e-01 0.000000000000000000e+00
2.887955584229717765e-02 0.000000000000000000e+00
6.160422543280740237e-01 0.000000000000000000e+00
8.598545391667257176e-01 0.000000000000000000e+00
1.094984407706332874e+00 0.000000000000000000e+00
1.856363599894384819e+00 0.000000000000000000e+00
2.418970430594471921e+00 0.000000000000000000e+00
2.723644502867458073e+00 0.000000000000000000e+00
3.064599795790968084e+00 0.000000000000000000e+00
2.088536361250397100e+00 0.000000000000000000e+00
1.942821923047481358e-01 0.000000000000000000e+00
2.188521646784276964e+00 0.000000000000000000e+00
2.099395741571275398e+00 0.000000000000000000e+00
4.291525837645736585e-01 0.000000000000000000e+00
3.777231816574472267e-01 0.000000000000000000e+00
3.679441569027434022e-01 0.000000000000000000e+00
9.235095384077441905e-01 0.000000000000000000e+00
5.970498332831798705e-02 0.000000000000000000e+00
2.443590500530379989e-02 0.000000000000000000e+00
2.473644412932671580e-02 0.000000000000000000e+00
1.421377443314484484e-02 0.000000000000000000e+00
3.881658512529110368e-04 0.000000000000000000e+00
3.556147877715577690e-03 0.000000000000000000e+00
2.528944565528540214e-03 0.000000000000000000e+00
5.120830726890070531e-03 0.000000000000000000e+00
4.249786161331208997e-03 0.000000000000000000e+00
4.903645973925914621e-03 0.000000000000000000e+00
7.836129675513833076e-03 0.000000000000000000e+00
1.777543154784918470e-04 0.000000000000000000e+00
9.057180126400476636e-03 0.000000000000000000e+00
