3.336466476321220398e-02
6.672932952642440796e-02
1.000939905643463135e-01
1.334586590528488159e-01
1.668233275413513184e-01
2.001879811286926270e-01
2.335526496171951294e-01
2.669173181056976318e-01
3.002819716930389404e-01
3.336466550827026367e-01
3.670113086700439453e-01
4.003759622573852539e-01
4.337406456470489502e-01
4.671052992343902588e-01
5.004699826240539551e-01
5.338346362113952637e-01
5.671992897987365723e-01
6.005639433860778809e-01
6.339286565780639648e-01
6.672933101654052734e-01
7.006579637527465820e-01
7.340226173400878906e-01
7.673872709274291992e-01
8.007519245147705078e-01
8.341165781021118164e-01
8.674812316894531250e-01
9.008458852767944336e-01
9.342105984687805176e-01
9.675752520561218262e-01
1.000939846038818359e+00
1.034304618835449219e+00
1.067669272422790527e+00
1.101033926010131836e+00
1.134398579597473145e+00
1.167763233184814453e+00
1.201127886772155762e+00
1.234492540359497070e+00
1.267857313156127930e+00
1.301221966743469238e+00
1.334586620330810547e+00
1.367951273918151855e+00
1.401315927505493164e+00
1.434680581092834473e+00
1.468045234680175781e+00
1.501410007476806641e+00
1.534774541854858398e+00
1.568139314651489258e+00
1.601503849029541016e+00
1.634868502616882324e+00
1.668233156204223633e+00
1.701597809791564941e+00
1.734962463378906250e+00
1.768327236175537109e+00
1.801691770553588867e+00
1.835056543350219727e+00
1.868421196937561035e+00
1.901785850524902344e+00
1.935150504112243652e+00
1.968515157699584961e+00
2.001879930496215820e+00
2.035244464874267578e+00
2.068609237670898438e+00
2.101973772048950195e+00
2.135338544845581055e+00
2.168703317642211914e+00
2.202067852020263672e+00
2.235432624816894531e+00
2.268797159194946289e+00
2.302161931991577148e+00
2.335526466369628906e+00
2.368891239166259766e+00
2.402255773544311523e+00
2.435620546340942383e+00
2.468985080718994141e+00
2.502349853515625000e+00
2.535714387893676758e+00
2.569079160690307617e+00
2.602443695068359375e+00
2.635808467864990234e+00
2.669173240661621094e+00
2.702538013458251953e+00
2.735902547836303711e+00
2.769267320632934570e+00
2.802631855010986328e+00
2.835996627807617188e+00
2.869361162185668945e+00
2.902725934982299805e+00
2.936090469360351562e+00
2.969455242156982422e+00
3.002819776535034180e+00
3.036184549331665039e+00
3.069549083709716797e+00
3.102913856506347656e+00
3.136278390884399414e+00
3.169643163681030273e+00
3.203007698059082031e+00
3.236372470855712891e+00
3.269737005233764648e+00
3.303101778030395508e+00
3.336466312408447266e+00
3.369831085205078125e+00
3.403195619583129883e+00
3.436560392379760742e+00
3.469925165176391602e+00
3.503289937973022461e+00
3.536654472351074219e+00
3.570019245147705078e+00
3.603383779525756836e+00
3.636748552322387695e+00
3.670113086700439453e+00
3.703477859497070312e+00
3.736842393875122070e+00
3.770207166671752930e+00
3.803571701049804688e+00
3.836936473846435547e+00
3.870301008224487305e+00
3.903665781021118164e+00
3.937030315399169922e+00
3.970395088195800781e+00
4.003759860992431641e+00
4.037124633789062500e+00
4.070489406585693359e+00
4.103853702545166016e+00
4.137218475341796875e+00
4.170583248138427734e+00
4.203948020935058594e+00
4.237312316894531250e+00
4.270677089691162109e+00
4.304041862487792969e+00
4.337406635284423828e+00
4.370770931243896484e+00
4.404135704040527344e+00
4.437500476837158203e+00
4.470865249633789062e+00
4.504229545593261719e+00
4.537594318389892578e+00
4.570959091186523438e+00
4.604323863983154297e+00
4.637688159942626953e+00
4.671052932739257812e+00
4.704417705535888672e+00
4.737782478332519531e+00
4.771146774291992188e+00
4.804511547088623047e+00
4.837876319885253906e+00
4.871241092681884766e+00
4.904605388641357422e+00
4.937970161437988281e+00
4.971334934234619141e+00
5.004699707031250000e+00
5.038064002990722656e+00
5.071429252624511719e+00
5.104794025421142578e+00
5.138158798217773438e+00
5.171523094177246094e+00
5.204887866973876953e+00
5.238252639770507812e+00
5.271617412567138672e+00
5.304981708526611328e+00
5.338346481323242188e+00
5.371711254119873047e+00
5.405076026916503906e+00
5.438440322875976562e+00
5.471805095672607422e+00
5.505169868469238281e+00
5.538534641265869141e+00
5.571898937225341797e+00
5.605263710021972656e+00
5.638628482818603516e+00
5.671993255615234375e+00
5.705357551574707031e+00
5.738722324371337891e+00
5.772087097167968750e+00
5.805451869964599609e+00
5.838816165924072266e+00
5.872180938720703125e+00
5.905545711517333984e+00
5.938910484313964844e+00
5.972274780273437500e+00
6.005639553070068359e+00
6.039004325866699219e+00
6.072369098663330078e+00
6.105733394622802734e+00
6.139098167419433594e+00
6.172462940216064453e+00
6.205827713012695312e+00
6.239192008972167969e+00
6.272556781768798828e+00
6.305921554565429688e+00
6.339286327362060547e+00
6.372650623321533203e+00
6.406015396118164062e+00
6.439380168914794922e+00
6.472744941711425781e+00
6.506109237670898438e+00
6.539474010467529297e+00
6.572838783264160156e+00
6.606203556060791016e+00
6.639567852020263672e+00
6.672933101654052734e+00
6.706297874450683594e+00
6.739662647247314453e+00
6.773026943206787109e+00
6.806391716003417969e+00
6.839756488800048828e+00
6.873121261596679688e+00
6.906485557556152344e+00
6.939850330352783203e+00
6.973215103149414062e+00
7.006579875946044922e+00
7.039944171905517578e+00
7.073308944702148438e+00
7.106673717498779297e+00
7.140038490295410156e+00
7.173402786254882812e+00
7.206767559051513672e+00
7.240132331848144531e+00
7.273497104644775391e+00
7.306861400604248047e+00
7.340226173400878906e+00
7.373590946197509766e+00
7.406955718994140625e+00
7.440320014953613281e+00
7.473684787750244141e+00
7.507049560546875000e+00
7.540414333343505859e+00
7.573778629302978516e+00
7.607143402099609375e+00
7.640508174896240234e+00
7.673872947692871094e+00
7.707237243652343750e+00
7.740602016448974609e+00
7.773966789245605469e+00
7.807331562042236328e+00
7.840695858001708984e+00
7.874060630798339844e+00
7.907425403594970703e+00
7.940790176391601562e+00
7.974154472351074219e+00
8.007519721984863281e+00
8.040884017944335938e+00
8.074249267578125000e+00
8.107613563537597656e+00
8.140978813171386719e+00
8.174343109130859375e+00
8.207707405090332031e+00
8.241072654724121094e+00
8.274436950683593750e+00
8.307801246643066406e+00
8.341166496276855469e+00
8.374530792236328125e+00
8.407896041870117188e+00
8.441260337829589844e+00
8.474624633789062500e+00
8.507989883422851562e+00
8.541354179382324219e+00
8.574718475341796875e+00
8.608083724975585938e+00
8.641448020935058594e+00
8.674813270568847656e+00
8.708177566528320312e+00
8.741541862487792969e+00
8.774907112121582031e+00
8.808271408081054688e+00
8.841635704040527344e+00
8.875000953674316406e+00
8.908365249633789062e+00
8.941730499267578125e+00
8.975094795227050781e+00
9.008459091186523438e+00
9.041824340820312500e+00
9.075188636779785156e+00
9.108552932739257812e+00
9.141918182373046875e+00
9.175282478332519531e+00
9.208647727966308594e+00
9.242012023925781250e+00
9.275376319885253906e+00
9.308741569519042969e+00
9.342105865478515625e+00
9.375470161437988281e+00
9.408835411071777344e+00
9.442199707031250000e+00
9.475564956665039062e+00
9.508929252624511719e+00
9.542293548583984375e+00
9.575658798217773438e+00
9.609023094177246094e+00
9.642387390136718750e+00
9.675752639770507812e+00
9.709116935729980469e+00
9.742482185363769531e+00
9.775846481323242188e+00
9.809210777282714844e+00
9.842576026916503906e+00
9.875940322875976562e+00
9.909304618835449219e+00
9.942669868469238281e+00
9.976034164428710938e+00
1.000939941406250000e+01
1.004276371002197266e+01
1.007612800598144531e+01
1.010949325561523438e+01
1.014285850524902344e+01
1.017622280120849609e+01
1.020958805084228516e+01
1.024295234680175781e+01
1.027631759643554688e+01
1.030968189239501953e+01
1.034304618835449219e+01
1.037641143798828125e+01
1.040977573394775391e+01
1.044314002990722656e+01
1.047650527954101562e+01
1.050986957550048828e+01
1.054323482513427734e+01
1.057659912109375000e+01
1.060996341705322266e+01
1.064332866668701172e+01
1.067669296264648438e+01
1.071005725860595703e+01
1.074342250823974609e+01
1.077678680419921875e+01
1.081015205383300781e+01
1.084351634979248047e+01
1.087688064575195312e+01
1.091024589538574219e+01
1.094361019134521484e+01
1.097697448730468750e+01
1.101033973693847656e+01
1.104370403289794922e+01
1.107706928253173828e+01
1.111043357849121094e+01
1.114379787445068359e+01
1.117716312408447266e+01
1.121052742004394531e+01
1.124389171600341797e+01
1.127725696563720703e+01
1.131062126159667969e+01
1.134398651123046875e+01
1.137735080718994141e+01
1.141071510314941406e+01
1.144408035278320312e+01
1.147744464874267578e+01
1.151080894470214844e+01
1.154417419433593750e+01
1.157753849029541016e+01
1.161090373992919922e+01
1.164426803588867188e+01
1.167763233184814453e+01
1.171099758148193359e+01
1.174436187744140625e+01
1.177772617340087891e+01
1.181109142303466797e+01
1.184445571899414062e+01
1.187782096862792969e+01
1.191118526458740234e+01
1.194454956054687500e+01
1.197791481018066406e+01
1.201127910614013672e+01
1.204464340209960938e+01
1.207800865173339844e+01
1.211137294769287109e+01
1.214473819732666016e+01
1.217810249328613281e+01
1.221146678924560547e+01
1.224483203887939453e+01
1.227819633483886719e+01
1.231156063079833984e+01
1.234492588043212891e+01
1.237829017639160156e+01
1.241165542602539062e+01
1.244501972198486328e+01
1.247838401794433594e+01
1.251174926757812500e+01
1.254511356353759766e+01
1.257847785949707031e+01
1.261184310913085938e+01
1.264520740509033203e+01
1.267857265472412109e+01
1.271193695068359375e+01
1.274530124664306641e+01
1.277866649627685547e+01
1.281203079223632812e+01
1.284539508819580078e+01
1.287876033782958984e+01
1.291212463378906250e+01
1.294548988342285156e+01
1.297885417938232422e+01
1.301221847534179688e+01
1.304558372497558594e+01
1.307894897460937500e+01
1.311231327056884766e+01
1.314567852020263672e+01
1.317904281616210938e+01
1.321240806579589844e+01
1.324577236175537109e+01
1.327913665771484375e+01
1.331250190734863281e+01
1.334586620330810547e+01
1.337923049926757812e+01
1.341259574890136719e+01
1.344596004486083984e+01
1.347932529449462891e+01
1.351268959045410156e+01
1.354605388641357422e+01
1.357941913604736328e+01
1.361278343200683594e+01
1.364614772796630859e+01
1.367951297760009766e+01
1.371287727355957031e+01
1.374624252319335938e+01
1.377960681915283203e+01
1.381297111511230469e+01
1.384633636474609375e+01
1.387970066070556641e+01
1.391306495666503906e+01
1.394643020629882812e+01
1.397979450225830078e+01
1.401315975189208984e+01
1.404652404785156250e+01
1.407988834381103516e+01
1.411325359344482422e+01
1.414661788940429688e+01
1.417998218536376953e+01
1.421334743499755859e+01
1.424671173095703125e+01
1.428007698059082031e+01
1.431344127655029297e+01
1.434680557250976562e+01
1.438017082214355469e+01
1.441353511810302734e+01
1.444689941406250000e+01
1.448026466369628906e+01
1.451362895965576172e+01
1.454699420928955078e+01
1.458035850524902344e+01
1.461372280120849609e+01
1.464708805084228516e+01
1.468045234680175781e+01
1.471381664276123047e+01
1.474718189239501953e+01
1.478054618835449219e+01
1.481391143798828125e+01
1.484727573394775391e+01
1.488064002990722656e+01
1.491400527954101562e+01
1.494736957550048828e+01
1.498073387145996094e+01
1.501409912109375000e+01
1.504746341705322266e+01
1.508082866668701172e+01
1.511419296264648438e+01
1.514755725860595703e+01
1.518092250823974609e+01
1.521428680419921875e+01
1.524765110015869141e+01
1.528101634979248047e+01
1.531438064575195312e+01
1.534774589538574219e+01
1.538111019134521484e+01
1.541447448730468750e+01
1.544783973693847656e+01
1.548120403289794922e+01
1.551456832885742188e+01
1.554793357849121094e+01
1.558129787445068359e+01
1.561466312408447266e+01
1.564802742004394531e+01
1.568139171600341797e+01
1.571475696563720703e+01
1.574812221527099609e+01
1.578148651123046875e+01
1.581485176086425781e+01
1.584821605682373047e+01
1.588158130645751953e+01
1.591494560241699219e+01
1.594830989837646484e+01
1.598167514801025391e+01
1.601503944396972656e+01
1.604840469360351562e+01
1.608176803588867188e+01
1.611513328552246094e+01
1.614849853515625000e+01
1.618186187744140625e+01
1.621522712707519531e+01
1.624859237670898438e+01
1.628195571899414062e+01
1.631532096862792969e+01
1.634868431091308594e+01
1.638204956054687500e+01
1.641541481018066406e+01
1.644877815246582031e+01
1.648214340209960938e+01
1.651550865173339844e+01
1.654887390136718750e+01
1.658223915100097656e+01
1.661560249328613281e+01
1.664896774291992188e+01
1.668233299255371094e+01
1.671569633483886719e+01
1.674906158447265625e+01
1.678242683410644531e+01
1.681579017639160156e+01
1.684915542602539062e+01
1.688251876831054688e+01
1.691588401794433594e+01
1.694924926757812500e+01
1.698261260986328125e+01
1.701597785949707031e+01
1.704934310913085938e+01
1.708270645141601562e+01
1.711607170104980469e+01
1.714943504333496094e+01
1.718280029296875000e+01
1.721616554260253906e+01
1.724952888488769531e+01
1.728289413452148438e+01
1.731625938415527344e+01
1.734962463378906250e+01
1.738298988342285156e+01
1.741635322570800781e+01
1.744971847534179688e+01
1.748308372497558594e+01
1.751644706726074219e+01
1.754981231689453125e+01
1.758317756652832031e+01
1.761654090881347656e+01
1.764990615844726562e+01
1.768326950073242188e+01
1.771663475036621094e+01
1.775000000000000000e+01
1.778336334228515625e+01
1.781672859191894531e+01
1.785009384155273438e+01
1.788345909118652344e+01
1.791682434082031250e+01
1.795018768310546875e+01
1.798355293273925781e+01
1.801691818237304688e+01
1.805028152465820312e+01
1.808364677429199219e+01
1.811701202392578125e+01
1.815037727355957031e+01
1.818374252319335938e+01
1.821710586547851562e+01
1.825047111511230469e+01
1.828383636474609375e+01
1.831719970703125000e+01
1.835056495666503906e+01
1.838393020629882812e+01
1.841729354858398438e+01
1.845065879821777344e+01
1.848402214050292969e+01
1.851738739013671875e+01
1.855075263977050781e+01
1.858411598205566406e+01
1.861748123168945312e+01
1.865084648132324219e+01
1.868421173095703125e+01
1.871757698059082031e+01
1.875094032287597656e+01
1.878430557250976562e+01
1.881767082214355469e+01
1.885103416442871094e+01
1.888439941406250000e+01
1.891776466369628906e+01
1.895112800598144531e+01
1.898449325561523438e+01
1.901785659790039062e+01
1.905122184753417969e+01
1.908458709716796875e+01
1.911795043945312500e+01
1.915131568908691406e+01
1.918468093872070312e+01
1.921804618835449219e+01
1.925141143798828125e+01
1.928477478027343750e+01
1.931814002990722656e+01
1.935150527954101562e+01
1.938486862182617188e+01
1.941823387145996094e+01
1.945159912109375000e+01
1.948496246337890625e+01
1.951832771301269531e+01
1.955169105529785156e+01
1.958505630493164062e+01
1.961842155456542969e+01
1.965178489685058594e+01
1.968515014648437500e+01
1.971851539611816406e+01
1.975188064575195312e+01
1.978524589538574219e+01
1.981860923767089844e+01
1.985197448730468750e+01
1.988533973693847656e+01
1.991870307922363281e+01
1.995206832885742188e+01
1.998543357849121094e+01
2.001879692077636719e+01
2.005216217041015625e+01
2.008552551269531250e+01
2.011889076232910156e+01
2.015225601196289062e+01
2.018561935424804688e+01
2.021898460388183594e+01
2.025234985351562500e+01
2.028571510314941406e+01
2.031908035278320312e+01
2.035244369506835938e+01
2.038580894470214844e+01
2.041917419433593750e+01
2.045253753662109375e+01
2.048590278625488281e+01
2.051926803588867188e+01
2.055263137817382812e+01
2.058599662780761719e+01
2.061935997009277344e+01
2.065272521972656250e+01
2.068609046936035156e+01
2.071945381164550781e+01
2.075281906127929688e+01
2.078618431091308594e+01
2.081954956054687500e+01
2.085291481018066406e+01
2.088627815246582031e+01
2.091964340209960938e+01
2.095300865173339844e+01
2.098637199401855469e+01
2.101973724365234375e+01
2.105310249328613281e+01
2.108646774291992188e+01
2.111983299255371094e+01
2.115319633483886719e+01
2.118656158447265625e+01
2.121992683410644531e+01
2.125329017639160156e+01
2.128665542602539062e+01
2.132002067565917969e+01
2.135338401794433594e+01
2.138674926757812500e+01
2.142011260986328125e+01
2.145347785949707031e+01
2.148684310913085938e+01
2.152020645141601562e+01
2.155357170104980469e+01
2.158693695068359375e+01
2.162030220031738281e+01
2.165366744995117188e+01
2.168703079223632812e+01
2.172039604187011719e+01
2.175376129150390625e+01
2.178712463378906250e+01
2.182048988342285156e+01
2.185385513305664062e+01
2.188721847534179688e+01
2.192058372497558594e+01
2.195394706726074219e+01
2.198731231689453125e+01
2.202067756652832031e+01
2.205404090881347656e+01
2.208740615844726562e+01
2.212077140808105469e+01
2.215413665771484375e+01
2.218750190734863281e+01
2.222086524963378906e+01
2.225423049926757812e+01
2.228759574890136719e+01
2.232095909118652344e+01
2.235432434082031250e+01
2.238768959045410156e+01
2.242105293273925781e+01
2.245441818237304688e+01
2.248778152465820312e+01
2.252114677429199219e+01
2.255451202392578125e+01
2.258787536621093750e+01
2.262124061584472656e+01
2.265460586547851562e+01
2.268797111511230469e+01
2.272133636474609375e+01
2.275469970703125000e+01
2.278806495666503906e+01
2.282143020629882812e+01
2.285479354858398438e+01
2.288815879821777344e+01
2.292152404785156250e+01
2.295488739013671875e+01
2.298825263977050781e+01
2.302161598205566406e+01
2.305498123168945312e+01
2.308834648132324219e+01
2.312170982360839844e+01
2.315507507324218750e+01
2.318844032287597656e+01
2.322180557250976562e+01
2.325517082214355469e+01
2.328853416442871094e+01
2.332189941406250000e+01
2.335526466369628906e+01
2.338862800598144531e+01
2.342199325561523438e+01
2.345535850524902344e+01
2.348872184753417969e+01
2.352208709716796875e+01
2.355545043945312500e+01
2.358881568908691406e+01
2.362218093872070312e+01
2.365554428100585938e+01
2.368890953063964844e+01
2.372227478027343750e+01
2.375564002990722656e+01
2.378900527954101562e+01
2.382236862182617188e+01
2.385573387145996094e+01
2.388909912109375000e+01
2.392246246337890625e+01
2.395582771301269531e+01
2.398919296264648438e+01
2.402255821228027344e+01
2.405592346191406250e+01
2.408928680419921875e+01
2.412265205383300781e+01
2.415601730346679688e+01
2.418938064575195312e+01
2.422274589538574219e+01
2.425611114501953125e+01
2.428947448730468750e+01
2.432283973693847656e+01
2.435620307922363281e+01
2.438956832885742188e+01
2.442293357849121094e+01
2.445629692077636719e+01
2.448966217041015625e+01
2.452302742004394531e+01
2.455639266967773438e+01
2.458975791931152344e+01
2.462312126159667969e+01
2.465648651123046875e+01
2.468985176086425781e+01
2.472321510314941406e+01
2.475658035278320312e+01
2.478994560241699219e+01
2.482330894470214844e+01
2.485667419433593750e+01
2.489003753662109375e+01
2.492340278625488281e+01
2.495676803588867188e+01
2.499013137817382812e+01
2.502349662780761719e+01
2.505686187744140625e+01
2.509022712707519531e+01
2.512359237670898438e+01
2.515695571899414062e+01
2.519032096862792969e+01
2.522368621826171875e+01
2.525704956054687500e+01
2.529041481018066406e+01
2.532378005981445312e+01
2.535714340209960938e+01
2.539050865173339844e+01
2.542387199401855469e+01
2.545723724365234375e+01
2.549060249328613281e+01
2.552396583557128906e+01
2.555733108520507812e+01
2.559069633483886719e+01
2.562406158447265625e+01
2.565742683410644531e+01
2.569079017639160156e+01
2.572415542602539062e+01
2.575752067565917969e+01
2.579088401794433594e+01
2.582424926757812500e+01
2.585761451721191406e+01
2.589097785949707031e+01
2.592434310913085938e+01
2.595770645141601562e+01
2.599107170104980469e+01
2.602443695068359375e+01
2.605780029296875000e+01
2.609116554260253906e+01
2.612453079223632812e+01
2.615789604187011719e+01
2.619126129150390625e+01
2.622462463378906250e+01
2.625798988342285156e+01
2.629135513305664062e+01
2.632471847534179688e+01
2.635808372497558594e+01
2.639144897460937500e+01
2.642481231689453125e+01
2.645817756652832031e+01
2.649154090881347656e+01
2.652490615844726562e+01
2.655827140808105469e+01
2.659163475036621094e+01
2.662500000000000000e+01
2.665836524963378906e+01
2.669173049926757812e+01
2.672509574890136719e+01
2.675845909118652344e+01
2.679182434082031250e+01
2.682518959045410156e+01
2.685855293273925781e+01
2.689191818237304688e+01
2.692528343200683594e+01
2.695864868164062500e+01
2.699201393127441406e+01
2.702537727355957031e+01
2.705874252319335938e+01
2.709210777282714844e+01
2.712547111511230469e+01
2.715883636474609375e+01
2.719220161437988281e+01
2.722556495666503906e+01
2.725893020629882812e+01
2.729229354858398438e+01
2.732565879821777344e+01
2.735902404785156250e+01
2.739238739013671875e+01
2.742575263977050781e+01
2.745911788940429688e+01
2.749248313903808594e+01
2.752584838867187500e+01
2.755921173095703125e+01
2.759257698059082031e+01
2.762594223022460938e+01
2.765930557250976562e+01
2.769267082214355469e+01
2.772603607177734375e+01
2.775939941406250000e+01
2.779276466369628906e+01
2.782612800598144531e+01
2.785949325561523438e+01
2.789285850524902344e+01
2.792622184753417969e+01
2.795958709716796875e+01
2.799295234680175781e+01
2.802631759643554688e+01
2.805968284606933594e+01
2.809304618835449219e+01
2.812641143798828125e+01
2.815977668762207031e+01
2.819314002990722656e+01
2.822650527954101562e+01
2.825987052917480469e+01
2.829323387145996094e+01
2.832659912109375000e+01
2.835996246337890625e+01
2.839332771301269531e+01
2.842669296264648438e+01
2.846005630493164062e+01
2.849342155456542969e+01
2.852678680419921875e+01
2.856015205383300781e+01
2.859351730346679688e+01
2.862688064575195312e+01
2.866024589538574219e+01
2.869361114501953125e+01
2.872697448730468750e+01
2.876033973693847656e+01
2.879370498657226562e+01
2.882706832885742188e+01
2.886043357849121094e+01
2.889379692077636719e+01
2.892716217041015625e+01
2.896052742004394531e+01
2.899389076232910156e+01
2.902725601196289062e+01
2.906062126159667969e+01
2.909398651123046875e+01
2.912735176086425781e+01
2.916071510314941406e+01
2.919408035278320312e+01
2.922744560241699219e+01
2.926080894470214844e+01
2.929417419433593750e+01
2.932753944396972656e+01
2.936090278625488281e+01
2.939426803588867188e+01
2.942763137817382812e+01
2.946099662780761719e+01
2.949436187744140625e+01
2.952772521972656250e+01
2.956109046936035156e+01
2.959445571899414062e+01
2.962782096862792969e+01
2.966118621826171875e+01
2.969454956054687500e+01
2.972791481018066406e+01
2.976128005981445312e+01
2.979464340209960938e+01
2.982800865173339844e+01
2.986137390136718750e+01
2.989473915100097656e+01
2.992810440063476562e+01
2.996146774291992188e+01
2.999483299255371094e+01
3.002819824218750000e+01
3.006156158447265625e+01
3.009492683410644531e+01
3.012829208374023438e+01
3.016165542602539062e+01
3.019502067565917969e+01
3.022838401794433594e+01
3.026174926757812500e+01
3.029511451721191406e+01
3.032847785949707031e+01
3.036184310913085938e+01
3.039520835876464844e+01
3.042857360839843750e+01
3.046193885803222656e+01
3.049530220031738281e+01
3.052866744995117188e+01
3.056203269958496094e+01
3.059539604187011719e+01
3.062876129150390625e+01
3.066212654113769531e+01
3.069548988342285156e+01
3.072885513305664062e+01
3.076221847534179688e+01
3.079558372497558594e+01
3.082894897460937500e+01
3.086231231689453125e+01
3.089567756652832031e+01
3.092904281616210938e+01
3.096240806579589844e+01
3.099577331542968750e+01
3.102913665771484375e+01
3.106250190734863281e+01
3.109586715698242188e+01
3.112923049926757812e+01
3.116259574890136719e+01
3.119596099853515625e+01
3.122932434082031250e+01
3.126268959045410156e+01
3.129605293273925781e+01
3.132941818237304688e+01
3.136278343200683594e+01
3.139614677429199219e+01
3.142951202392578125e+01
3.146287727355957031e+01
3.149624252319335938e+01
3.152960777282714844e+01
3.156297111511230469e+01
3.159633636474609375e+01
3.162970161437988281e+01
3.166306495666503906e+01
3.169643020629882812e+01
3.172979545593261719e+01
3.176315879821777344e+01
3.179652404785156250e+01
3.182988739013671875e+01
3.186325263977050781e+01
3.189661788940429688e+01
3.192998123168945312e+01
3.196334648132324219e+01
3.199671173095703125e+01
3.203007507324218750e+01
3.206343841552734375e+01
3.209680557250976562e+01
3.213016891479492188e+01
3.216353225708007812e+01
3.219689941406250000e+01
3.223026275634765625e+01
3.226362609863281250e+01
3.229699325561523438e+01
3.233035659790039062e+01
3.236372375488281250e+01
3.239708709716796875e+01
3.243045043945312500e+01
3.246381759643554688e+01
3.249718093872070312e+01
3.253054428100585938e+01
3.256391143798828125e+01
3.259727478027343750e+01
3.263064193725585938e+01
3.266400527954101562e+01
3.269736862182617188e+01
3.273073577880859375e+01
3.276409912109375000e+01
3.279746246337890625e+01
3.283082962036132812e+01
3.286419296264648438e+01
3.289756011962890625e+01
3.293092346191406250e+01
3.296428680419921875e+01
3.299765396118164062e+01
3.303101730346679688e+01
3.306438064575195312e+01
3.309774780273437500e+01
3.313111114501953125e+01
3.316447448730468750e+01
3.319784164428710938e+01
3.323120498657226562e+01
3.326456832885742188e+01
3.329793548583984375e+01
3.333129882812500000e+01
