1.000000000000000000e+00
1.006896615028381348e+00
1.013840913772583008e+00
1.020833015441894531e+00
1.027873277664184570e+00
1.034962177276611328e+00
1.042099952697753906e+00
1.049286961555480957e+00
1.056523561477661133e+00
1.063810110092163086e+00
1.071146845817565918e+00
1.078534126281738281e+00
1.085972428321838379e+00
1.093461990356445312e+00
1.101003170013427734e+00
1.108596444129943848e+00
1.116242051124572754e+00
1.123940467834472656e+00
1.131691813468933105e+00
1.139496684074401855e+00
1.147355437278747559e+00
1.155268311500549316e+00
1.163235902786254883e+00
1.171258330345153809e+00
1.179336071014404297e+00
1.187469601631164551e+00
1.195659160614013672e+00
1.203905224800109863e+00
1.212208032608032227e+00
1.220568299293518066e+00
1.228986144065856934e+00
1.237462043762207031e+00
1.245996356010437012e+00
1.254589557647705078e+00
1.263242006301879883e+00
1.271954178810119629e+00
1.280726432800292969e+00
1.289559125900268555e+00
1.298452854156494141e+00
1.307407736778259277e+00
1.316424489021301270e+00
1.325503468513488770e+00
1.334645032882690430e+00
1.343849539756774902e+00
1.353117704391479492e+00
1.362449645996093750e+00
1.371845960617065430e+00
1.381307125091552734e+00
1.390833616256713867e+00
1.400425672531127930e+00
1.410083889961242676e+00
1.419808745384216309e+00
1.429600715637207031e+00
1.439460158348083496e+00
1.449387669563293457e+00
1.459383606910705566e+00
1.469448447227478027e+00
1.479582786560058594e+00
1.489786863327026367e+00
1.500061511993408203e+00
1.510406851768493652e+00
1.520823597908020020e+00
1.531312227249145508e+00
1.541873216629028320e+00
1.552506923675537109e+00
1.563214063644409180e+00
1.573994994163513184e+00
1.584850311279296875e+00
1.595780491828918457e+00
1.606786012649536133e+00
1.617867469787597656e+00
1.629025340080261230e+00
1.640260219573974609e+00
1.651572465896606445e+00
1.662962794303894043e+00
1.674431681632995605e+00
1.685979723930358887e+00
1.697607278823852539e+00
1.709315180778503418e+00
1.721103668212890625e+00
1.732973575592041016e+00
1.744925260543823242e+00
1.756959438323974609e+00
1.769076585769653320e+00
1.781277298927307129e+00
1.793562173843383789e+00
1.805931687355041504e+00
1.818386673927307129e+00
1.830927371978759766e+00
1.843554735183715820e+00
1.856269001960754395e+00
1.869071125984191895e+00
1.881961464881896973e+00
1.894940733909606934e+00
1.908009409904479980e+00
1.921168327331542969e+00
1.934417963027954102e+00
1.947759032249450684e+00
1.961192011833190918e+00
1.974717736244201660e+00
1.988336682319641113e+00
2.002049446105957031e+00
2.015856981277465820e+00
2.029759645462036133e+00
2.043758153915405273e+00
2.057853221893310547e+00
2.072045564651489258e+00
2.086335897445678711e+00
2.100724458694458008e+00
2.115212440490722656e+00
2.129800319671630859e+00
2.144489049911499023e+00
2.159278631210327148e+00
2.174170494079589844e+00
2.189165115356445312e+00
2.204262971878051758e+00
2.219465017318725586e+00
2.234771966934204102e+00
2.250184297561645508e+00
2.265703201293945312e+00
2.281328916549682617e+00
2.297062397003173828e+00
2.312904596328735352e+00
2.328855752944946289e+00
2.344917058944702148e+00
2.361089229583740234e+00
2.377372741699218750e+00
2.393768787384033203e+00
2.410277843475341797e+00
2.426900625228881836e+00
2.443638086318969727e+00
2.460491180419921875e+00
2.477460145950317383e+00
2.494546413421630859e+00
2.511750459671020508e+00
2.529073238372802734e+00
2.546515226364135742e+00
2.564077854156494141e+00
2.581761360168457031e+00
2.599566936492919922e+00
2.617495059967041016e+00
2.635547161102294922e+00
2.653723478317260742e+00
2.672025442123413086e+00
2.690453529357910156e+00
2.709008693695068359e+00
2.727691650390625000e+00
2.746503591537475586e+00
2.765445232391357422e+00
2.784517765045166016e+00
2.803721427917480469e+00
2.823057889938354492e+00
2.842527389526367188e+00
2.862131357192993164e+00
2.881870508193969727e+00
2.901745796203613281e+00
2.921758174896240234e+00
2.941908597946166992e+00
2.962198019027709961e+00
2.982627153396606445e+00
3.003197431564331055e+00
3.023909330368041992e+00
3.044764280319213867e+00
3.065762996673583984e+00
3.086906433105468750e+00
3.108195781707763672e+00
3.129631996154785156e+00
3.151216030120849609e+00
3.172948837280273438e+00
3.194831609725952148e+00
3.216865301132202148e+00
3.239050865173339844e+00
3.261389493942260742e+00
3.283882141113281250e+00
3.306529998779296875e+00
3.329334020614624023e+00
3.352295160293579102e+00
3.375414848327636719e+00
3.398693799972534180e+00
3.422133445739746094e+00
3.445734739303588867e+00
3.469498872756958008e+00
3.493426799774169922e+00
3.517519712448120117e+00
3.541779041290283203e+00
3.566205263137817383e+00
3.590800285339355469e+00
3.615564823150634766e+00
3.640500068664550781e+00
3.665607452392578125e+00
3.690887928009033203e+00
3.716342687606811523e+00
3.741972923278808594e+00
3.767780065536499023e+00
3.793765068054199219e+00
3.819929361343383789e+00
3.846274137496948242e+00
3.872800588607788086e+00
3.899509906768798828e+00
3.926403522491455078e+00
3.953482627868652344e+00
3.980748414993286133e+00
4.008202552795410156e+00
4.035845279693603516e+00
4.063679218292236328e+00
4.091705322265625000e+00
4.119924068450927734e+00
4.148337841033935547e+00
4.176947593688964844e+00
4.205754756927490234e+00
4.234760284423828125e+00
4.263966083526611328e+00
4.293373107910156250e+00
4.322982788085937500e+00
4.352797031402587891e+00
4.382816791534423828e+00
4.413043498992919922e+00
4.443479061126708984e+00
4.474123954772949219e+00
4.504980564117431641e+00
4.536049842834472656e+00
4.567333221435546875e+00
4.598832607269287109e+00
4.630549430847167969e+00
4.662484645843505859e+00
4.694640159606933594e+00
4.727017402648925781e+00
4.759618282318115234e+00
4.792443752288818359e+00
4.825495243072509766e+00
4.858775138854980469e+00
4.892284393310546875e+00
4.926024913787841797e+00
4.959998130798339844e+00
4.994205474853515625e+00
5.028648853302001953e+00
5.063329696655273438e+00
5.098249912261962891e+00
5.133410453796386719e+00
5.168814182281494141e+00
5.204461574554443359e+00
5.240355014801025391e+00
5.276495933532714844e+00
5.312886238098144531e+00
5.349527359008789062e+00
5.386421203613281250e+00
5.423569202423095703e+00
5.460973739624023438e+00
5.498636245727539062e+00
5.536558628082275391e+00
5.574742317199707031e+00
5.613189220428466797e+00
5.651901721954345703e+00
5.690880775451660156e+00
5.730128765106201172e+00
5.769647598266601562e+00
5.809438705444335938e+00
5.849504470825195312e+00
5.889846801757812500e+00
5.930467128753662109e+00
5.971367359161376953e+00
6.012549877166748047e+00
6.054016113281250000e+00
6.095768928527832031e+00
6.137809276580810547e+00
6.180139541625976562e+00
6.222762107849121094e+00
6.265677928924560547e+00
6.308890342712402344e+00
6.352400779724121094e+00
6.396211147308349609e+00
6.440323352813720703e+00
6.484740257263183594e+00
6.529463291168212891e+00
6.574494838714599609e+00
6.619836807250976562e+00
6.665491580963134766e+00
6.711461067199707031e+00
6.757747650146484375e+00
6.804353713989257812e+00
6.851280689239501953e+00
6.898531913757324219e+00
6.946108818054199219e+00
6.994013309478759766e+00
7.042248725891113281e+00
7.090816974639892578e+00
7.139719963073730469e+00
7.188960075378417969e+00
7.238539695739746094e+00
7.288461685180664062e+00
7.338727474212646484e+00
7.389340400695800781e+00
7.440301895141601562e+00
7.491615295410156250e+00
7.543282032012939453e+00
7.595305919647216797e+00
7.647687911987304688e+00
7.700431346893310547e+00
7.753538608551025391e+00
7.807012081146240234e+00
7.860854625701904297e+00
7.915068149566650391e+00
7.969655513763427734e+00
8.024619102478027344e+00
8.079962730407714844e+00
8.135686874389648438e+00
8.191796302795410156e+00
8.248291969299316406e+00
8.305177688598632812e+00
8.362456321716308594e+00
8.420128822326660156e+00
8.478199958801269531e+00
8.536670684814453125e+00
8.595545768737792969e+00
8.654826164245605469e+00
8.714515686035156250e+00
8.774616241455078125e+00
8.835131645202636719e+00
8.896064758300781250e+00
8.957417488098144531e+00
9.019194602966308594e+00
9.081396102905273438e+00
9.144027709960937500e+00
9.207091331481933594e+00
9.270588874816894531e+00
9.334525108337402344e+00
9.398901939392089844e+00
9.463723182678222656e+00
9.528991699218750000e+00
9.594709396362304688e+00
9.660881042480468750e+00
9.727508544921875000e+00
9.794595718383789062e+00
9.862146377563476562e+00
9.930161476135253906e+00
9.998646736145019531e+00
1.006760406494140625e+01
1.013703727722167969e+01
1.020694828033447266e+01
1.027734279632568359e+01
1.034822177886962891e+01
1.041958999633789062e+01
1.049145030975341797e+01
1.056380558013916016e+01
1.063666057586669922e+01
1.071001815795898438e+01
1.078388214111328125e+01
1.085825443267822266e+01
1.093313980102539062e+01
1.100854206085205078e+01
1.108446407318115234e+01
1.116091060638427734e+01
1.123788356781005859e+01
1.131538677215576172e+01
1.139342498779296875e+01
1.147200202941894531e+01
1.155112075805664062e+01
1.163078403472900391e+01
1.171099758148193359e+01
1.179176521301269531e+01
1.187308883666992188e+01
1.195497322082519531e+01
1.203742218017578125e+01
1.212044048309326172e+01
1.220403099060058594e+01
1.228819847106933594e+01
1.237294578552246094e+01
1.245827770233154297e+01
1.254419803619384766e+01
1.263071060180664062e+01
1.271782112121582031e+01
1.280553150177001953e+01
1.289384651184082031e+01
1.298277091979980469e+01
1.307230854034423828e+01
1.316246414184570312e+01
1.325324058532714844e+01
1.334464359283447266e+01
1.343667697906494141e+01
1.352934551239013672e+01
1.362265300750732422e+01
1.371660327911376953e+01
1.381120204925537109e+01
1.390645313262939453e+01
1.400236129760742188e+01
1.409893131256103516e+01
1.419616603851318359e+01
1.429407215118408203e+01
1.439265346527099609e+01
1.449191474914550781e+01
1.459186077117919922e+01
1.469249629974365234e+01
1.479382514953613281e+01
1.489585304260253906e+01
1.499858474731445312e+01
1.510202503204345703e+01
1.520617866516113281e+01
1.531105041503906250e+01
1.541664505004882812e+01
1.552296829223632812e+01
1.563002490997314453e+01
1.573781967163085938e+01
1.584635829925537109e+01
1.595564556121826172e+01
1.606568527221679688e+01
1.617648506164550781e+01
1.628804969787597656e+01
1.640038299560546875e+01
1.651349067687988281e+01
1.662737846374511719e+01
1.674205207824707031e+01
1.685751533508300781e+01
1.697377586364746094e+01
1.709083747863769531e+01
1.720870780944824219e+01
1.732739067077636719e+01
1.744689178466796875e+01
1.756721687316894531e+01
1.768837165832519531e+01
1.781036186218261719e+01
1.793319511413574219e+01
1.805687332153320312e+01
1.818140602111816406e+01
1.830679702758789062e+01
1.843305206298828125e+01
1.856017875671386719e+01
1.868818092346191406e+01
1.881706809997558594e+01
1.894684219360351562e+01
1.907751274108886719e+01
1.920908355712890625e+01
1.934156227111816406e+01
1.947495460510253906e+01
1.960926628112792969e+01
1.974450492858886719e+01
1.988067626953125000e+01
2.001778602600097656e+01
2.015584182739257812e+01
2.029484939575195312e+01
2.043481636047363281e+01
2.057574844360351562e+01
2.071765136718750000e+01
2.086053466796875000e+01
2.100440216064453125e+01
2.114926338195800781e+01
2.129512214660644531e+01
2.144198799133300781e+01
2.158986473083496094e+01
2.173876380920410156e+01
2.188868713378906250e+01
2.203964614868164062e+01
2.219164657592773438e+01
2.234469413757324219e+01
2.249879837036132812e+01
2.265396499633789062e+01
2.281020164489746094e+01
2.296751594543457031e+01
2.312591552734375000e+01
2.328540611267089844e+01
2.344599723815917969e+01
2.360769653320312500e+01
2.377051162719726562e+01
2.393444824218750000e+01
2.409951591491699219e+01
2.426572227478027344e+01
2.443307495117187500e+01
2.460158157348632812e+01
2.477124977111816406e+01
2.494208908081054688e+01
2.511410522460937500e+01
2.528730964660644531e+01
2.546170616149902344e+01
2.563730812072753906e+01
2.581411933898925781e+01
2.599215126037597656e+01
2.617140960693359375e+01
2.635190391540527344e+01
2.653364562988281250e+01
2.671663856506347656e+01
2.690089416503906250e+01
2.708642005920410156e+01
2.727322578430175781e+01
2.746131896972656250e+01
2.765071105957031250e+01
2.784140777587890625e+01
2.803342056274414062e+01
2.822675895690917969e+01
2.842142868041992188e+01
2.861744117736816406e+01
2.881480598449707031e+01
2.901353263854980469e+01
2.921362876892089844e+01
2.941510391235351562e+01
2.961797142028808594e+01
2.982223510742187500e+01
3.002790832519531250e+01
3.023500061035156250e+01
3.044352149963378906e+01
3.065348052978515625e+01
3.086488723754882812e+01
3.107775115966796875e+01
3.129208374023437500e+01
3.150789451599121094e+01
3.172519493103027344e+01
3.194399261474609375e+01
3.216429901123046875e+01
3.238612365722656250e+01
3.260948181152343750e+01
3.283437728881835938e+01
3.306082534790039062e+01
3.328883361816406250e+01
3.351841735839843750e+01
3.374958038330078125e+01
3.398234176635742188e+01
3.421670532226562500e+01
3.445268630981445312e+01
3.469029235839843750e+01
3.492954254150390625e+01
3.517043685913085938e+01
3.541299819946289062e+01
3.565722656250000000e+01
3.590314483642578125e+01
3.615075683593750000e+01
3.640007400512695312e+01
3.665111160278320312e+01
3.690388488769531250e+01
3.715839767456054688e+01
3.741466522216796875e+01
3.767270278930664062e+01
3.793251800537109375e+01
3.819412612915039062e+01
3.845753860473632812e+01
3.872276687622070312e+01
3.898982238769531250e+01
3.925872421264648438e+01
3.952947616577148438e+01
3.980209732055664062e+01
4.007659912109375000e+01
4.035299301147460938e+01
4.063129425048828125e+01
4.091151428222656250e+01
4.119366836547851562e+01
4.147776412963867188e+01
4.176382446289062500e+01
4.205185317993164062e+01
4.234187316894531250e+01
4.263388824462890625e+01
4.292792129516601562e+01
4.322397994995117188e+01
4.352207946777343750e+01
4.382223892211914062e+01
4.412446594238281250e+01
4.442877578735351562e+01
4.473518753051757812e+01
4.504370880126953125e+01
4.535435867309570312e+01
4.566715240478515625e+01
4.598210525512695312e+01
4.629922866821289062e+01
4.661853790283203125e+01
4.694004821777343750e+01
4.726377868652343750e+01
4.758974075317382812e+01
4.791794967651367188e+01
4.824842453002929688e+01
4.858117675781250000e+01
4.891622543334960938e+01
4.925358200073242188e+01
4.959326934814453125e+01
4.993529510498046875e+01
5.027968215942382812e+01
5.062644577026367188e+01
5.097559738159179688e+01
5.132715988159179688e+01
5.168114471435546875e+01
5.203757095336914062e+01
5.239645767211914062e+01
5.275782012939453125e+01
5.312166976928710938e+01
5.348803329467773438e+01
5.385692214965820312e+01
5.422835540771484375e+01
5.460234832763671875e+01
5.497892379760742188e+01
5.535809326171875000e+01
5.573987960815429688e+01
5.612429809570312500e+01
5.651136779785156250e+01
5.690110778808593750e+01
5.729353332519531250e+01
5.768866729736328125e+01
5.808652877807617188e+01
5.848712921142578125e+01
5.889049530029296875e+01
5.929664230346679688e+01
5.970559310913085938e+01
6.011736297607421875e+01
6.053197097778320312e+01
6.094944000244140625e+01
6.136978530883789062e+01
6.179303359985351562e+01
6.221919631958007812e+01
6.264830398559570312e+01
6.308036804199218750e+01
6.351541137695312500e+01
6.395345306396484375e+01
6.439451599121093750e+01
6.483862304687500000e+01
6.528579711914062500e+01
6.573604583740234375e+01
6.618940734863281250e+01
6.664589691162109375e+01
6.710552978515625000e+01
6.756832885742187500e+01
6.803432464599609375e+01
6.850354003906250000e+01
6.897598266601562500e+01
6.945168304443359375e+01
6.993067169189453125e+01
7.041295623779296875e+01
7.089857482910156250e+01
7.138753509521484375e+01
7.187986755371093750e+01
7.237560272216796875e+01
7.287474822998046875e+01
7.337734222412109375e+01
7.388339996337890625e+01
7.439295196533203125e+01
7.490601348876953125e+01
7.542261505126953125e+01
7.594277954101562500e+01
7.646652984619140625e+01
7.699389648437500000e+01
7.752489471435546875e+01
7.805955505371093750e+01
7.859790802001953125e+01
7.913996887207031250e+01
7.968576812744140625e+01
8.023533630371093750e+01
8.078868865966796875e+01
8.134586334228515625e+01
8.190687561035156250e+01
8.247176361083984375e+01
8.304054260253906250e+01
8.361324310302734375e+01
8.418989562988281250e+01
8.477052307128906250e+01
8.535515594482421875e+01
8.594382476806640625e+01
8.653654479980468750e+01
8.713336181640625000e+01
8.773429107666015625e+01
8.833936309814453125e+01
8.894860839843750000e+01
8.956205749511718750e+01
9.017973327636718750e+01
9.080167388916015625e+01
9.142790222167968750e+01
9.205844879150390625e+01
9.269334411621093750e+01
9.333261871337890625e+01
9.397630310058593750e+01
9.462442779541015625e+01
9.527701568603515625e+01
9.593411254882812500e+01
9.659573364257812500e+01
9.726192474365234375e+01
9.793270874023437500e+01
9.860811614990234375e+01
9.928817749023437500e+01
9.997293853759765625e+01
1.006624145507812500e+02
1.013566513061523438e+02
1.020556716918945312e+02
1.027595138549804688e+02
1.034682159423828125e+02
1.041818008422851562e+02
1.049003067016601562e+02
1.056237640380859375e+02
1.063522186279296875e+02
1.070856933593750000e+02
1.078242263793945312e+02
1.085678482055664062e+02
1.093166046142578125e+02
1.100705261230468750e+02
1.108296432495117188e+02
1.115940017700195312e+02
1.123636245727539062e+02
1.131385574340820312e+02
1.139188385009765625e+02
1.147044906616210938e+02
1.154955749511718750e+02
1.162921066284179688e+02
1.170941314697265625e+02
1.179016876220703125e+02
1.187148208618164062e+02
1.195335540771484375e+02
1.203579330444335938e+02
1.211880035400390625e+02
1.220237960815429688e+02
1.228653488159179688e+02
1.237127151489257812e+02
1.245659179687500000e+02
1.254250030517578125e+02
1.262900161743164062e+02
1.271609954833984375e+02
1.280379791259765625e+02
1.289210205078125000e+02
1.298101348876953125e+02
1.307053985595703125e+02
1.316068267822265625e+02
1.325144805908203125e+02
1.334283752441406250e+02
1.343485870361328125e+02
1.352751464843750000e+02
1.362080993652343750e+02
1.371474761962890625e+02
1.380933380126953125e+02
1.390457153320312500e+02
1.400046691894531250e+02
1.409702301025390625e+02
1.419424591064453125e+02
1.429213867187500000e+02
1.439070587158203125e+02
1.448995361328125000e+02
1.458988647460937500e+02
1.469050750732421875e+02
1.479182281494140625e+02
1.489383697509765625e+02
1.499655456542968750e+02
1.509998168945312500e+02
1.520411987304687500e+02
1.530897827148437500e+02
1.541455841064453125e+02
1.552086791992187500e+02
1.562790985107421875e+02
1.573569030761718750e+02
1.584421386718750000e+02
1.595348663330078125e+02
1.606351165771484375e+02
1.617429656982421875e+02
1.628584442138671875e+02
1.639816284179687500e+02
1.651125488281250000e+02
1.662512817382812500e+02
1.673978576660156250e+02
1.685523376464843750e+02
1.697147827148437500e+02
1.708852539062500000e+02
1.720637969970703125e+02
1.732504577636718750e+02
1.744452972412109375e+02
1.756483917236328125e+02
1.768597869873046875e+02
1.780795288085937500e+02
1.793076782226562500e+02
1.805442962646484375e+02
1.817894592285156250e+02
1.830431976318359375e+02
1.843055725097656250e+02
1.855766754150390625e+02
1.868565216064453125e+02
1.881452178955078125e+02
1.894427947998046875e+02
1.907493133544921875e+02
1.920648345947265625e+02
1.933894500732421875e+02
1.947231903076171875e+02
1.960661315917968750e+02
1.974183349609375000e+02
1.987798614501953125e+02
2.001507720947265625e+02
2.015311431884765625e+02
2.029210357666015625e+02
2.043205108642578125e+02
2.057296447753906250e+02
2.071484832763671875e+02
2.085771179199218750e+02
2.100156097412109375e+02
2.114640045166015625e+02
2.129224090576171875e+02
2.143908538818359375e+02
2.158694305419921875e+02
2.173582153320312500e+02
2.188572540283203125e+02
2.203666381835937500e+02
2.218864440917968750e+02
2.234167175292968750e+02
2.249575347900390625e+02
2.265090026855468750e+02
2.280711517333984375e+02
2.296440734863281250e+02
2.312278594970703125e+02
2.328225555419921875e+02
2.344282531738281250e+02
2.360450286865234375e+02
2.376729431152343750e+02
2.393120880126953125e+02
2.409625549316406250e+02
2.426243896484375000e+02
2.442976837158203125e+02
2.459825134277343750e+02
2.476789703369140625e+02
2.493871307373046875e+02
2.511070709228515625e+02
2.528388671875000000e+02
2.545826110839843750e+02
2.563383789062500000e+02
2.581062622070312500e+02
2.598863220214843750e+02
2.616786804199218750e+02
2.634833984375000000e+02
2.653005371093750000e+02
2.671302185058593750e+02
2.689725341796875000e+02
2.708275451660156250e+02
2.726953430175781250e+02
2.745760498046875000e+02
2.764696960449218750e+02
2.783764038085937500e+02
2.802962646484375000e+02
2.822293701171875000e+02
2.841758117675781250e+02
2.861356811523437500e+02
2.881090698242187500e+02
2.900960693359375000e+02
2.920967407226562500e+02
2.941112365722656250e+02
2.961396179199218750e+02
2.981820068359375000e+02
3.002384643554687500e+02
3.023091125488281250e+02
3.043940124511718750e+02
3.064933166503906250e+02
3.086071166992187500e+02
3.107354736328125000e+02
3.128785095214843750e+02
3.150363159179687500e+02
3.172090148925781250e+02
3.193966979980468750e+02
3.215994567871093750e+02
3.238174133300781250e+02
3.260506896972656250e+02
3.282993469238281250e+02
3.305635070800781250e+02
3.328432922363281250e+02
3.351387939453125000e+02
3.374501342773437500e+02
3.397774047851562500e+02
3.421207275390625000e+02
3.444802246093750000e+02
3.468559875488281250e+02
3.492481384277343750e+02
3.516567993164062500e+02
3.540820312500000000e+02
3.565240173339843750e+02
3.589828491210937500e+02
3.614586181640625000e+02
3.639514770507812500e+02
3.664615478515625000e+02
3.689888916015625000e+02
3.715336914062500000e+02
3.740960388183593750e+02
3.766760253906250000e+02
3.792738342285156250e+02
3.818895568847656250e+02
3.845233154296875000e+02
3.871752624511718750e+02
3.898454589843750000e+02
3.925340881347656250e+02
3.952412719726562500e+02
3.979671020507812500e+02
4.007117614746093750e+02
4.034753417968750000e+02
4.062579650878906250e+02
4.090597839355468750e+02
4.118809204101562500e+02
4.147215270996093750e+02
4.175817260742187500e+02
4.204616394042968750e+02
4.233614196777343750e+02
4.262811889648437500e+02
4.292210998535156250e+02
4.321813049316406250e+02
4.351619262695312500e+02
4.381630859375000000e+02
4.411849365234375000e+02
4.442276306152343750e+02
4.472913208007812500e+02
4.503761291503906250e+02
4.534822387695312500e+02
4.566097412109375000e+02
4.597588195800781250e+02
4.629296264648437500e+02
4.661222839355468750e+02
4.693369750976562500e+02
4.725738220214843750e+02
4.758330078125000000e+02
4.791146545410156250e+02
4.824189453125000000e+02
4.857460327148437500e+02
4.890960693359375000e+02
4.924691772460937500e+02
4.958655700683593750e+02
4.992854003906250000e+02
5.027287902832031250e+02
5.061959533691406250e+02
5.096870117187500000e+02
5.132021484375000000e+02
5.167415161132812500e+02
5.203052978515625000e+02
5.238936767578125000e+02
5.275067749023437500e+02
5.311448364257812500e+02
5.348079223632812500e+02
5.384963378906250000e+02
5.422101440429687500e+02
5.459495849609375000e+02
5.497148437500000000e+02
5.535060424804687500e+02
5.573233642578125000e+02
5.611670532226562500e+02
5.650372314453125000e+02
5.689340820312500000e+02
5.728577880859375000e+02
5.768085937500000000e+02
5.807866821289062500e+02
5.847921752929687500e+02
5.888252563476562500e+02
5.928861694335937500e+02
5.969751586914062500e+02
6.010922851562500000e+02
6.052377929687500000e+02
6.094119262695312500e+02
6.136148071289062500e+02
6.178466796875000000e+02
6.221077880859375000e+02
6.263982543945312500e+02
6.307183227539062500e+02
6.350681762695312500e+02
6.394479980468750000e+02
6.438580322265625000e+02
6.482985229492187500e+02
6.527695922851562500e+02
6.572715454101562500e+02
6.618045043945312500e+02
6.663687744140625000e+02
6.709644775390625000e+02
6.755918579101562500e+02
6.802512207031250000e+02
6.849426879882812500e+02
6.896665039062500000e+02
6.944228515625000000e+02
6.992120971679687500e+02
7.040343017578125000e+02
7.088897705078125000e+02
7.137787475585937500e+02
7.187014160156250000e+02
7.236580810546875000e+02
7.286489257812500000e+02
7.336741333007812500e+02
7.387340698242187500e+02
7.438288574218750000e+02
7.489588012695312500e+02
7.541240844726562500e+02
7.593250122070312500e+02
7.645618286132812500e+02
7.698347167968750000e+02
7.751440429687500000e+02
7.804899291992187500e+02
7.858726806640625000e+02
7.912926025390625000e+02
7.967498779296875000e+02
8.022448120117187500e+02
8.077775878906250000e+02
8.133485717773437500e+02
8.189579467773437500e+02
8.246060180664062500e+02
8.302930297851562500e+02
8.360192871093750000e+02
8.417850341796875000e+02
8.475905151367187500e+02
8.534360961914062500e+02
8.593218994140625000e+02
8.652483520507812500e+02
8.712156982421875000e+02
8.772241821289062500e+02
8.832741088867187500e+02
8.893657226562500000e+02
8.954993896484375000e+02
9.016753540039062500e+02
9.078938598632812500e+02
9.141553344726562500e+02
9.204598999023437500e+02
9.268080444335937500e+02
9.331998901367187500e+02
9.396358642578125000e+02
9.461162109375000000e+02
9.526412353515625000e+02
9.592113037109375000e+02
